0.306848
1.755850
1.586330
0.304878
1.272356
0.585386
0.689256
1.009833
1.259603
0.244274
0.368316
5.448297
6.601319
1.918065
4.676719
6.267763
0.523726
0.770167
5.941704
0.545602
6.834673
6.765976
0.515384
6.914401
6.635219
6.751347
0.397604
7.042493
6.000192
6.360158
7.395239
6.646563
6.198779
1.279857
6.524350
0.291895
0.525921
0.717984
7.611247
7.079220
6.813623
7.037103
8.861008
7.881502
4.658963
5.689536
6.724525
0.130064
6.719092
6.963174
6.697039
0.611836
0.814374
6.462695
6.766066
0.915201
0.256758
0.373510
6.216530
0.264727
0.499122
6.287394
6.558392
6.854633
0.874143
0.432879
0.742431
6.506528
6.095601
0.688444
0.412789
0.357256
6.108840
6.308357
6.218298
0.704718
0.706412
5.889769
0.195424
0.008329
0.658583
0.409053
0.685873
1.223429
0.392620
6.096865
6.516565
0.421770
6.758259
0.384801
0.765534
0.851812
5.016553
5.827513
5.467609
1.305787
0.445612
0.432262
0.992791
0.542956
0.120586
0.373494
0.268000
5.955967
6.775355
0.450930
5.303697
5.465009
0.218747
6.104098
0.463501
6.188081
6.024443
5.321342
0.568486
0.581372
6.480145
6.503300
0.375888
