0.389673
0.663490
0.312775
0.693524
0.314266
7.696701
6.534548
6.005636
1.027348
7.042040
6.924457
0.559998
6.540397
6.390344
0.367979
0.905904
7.289016
5.990363
6.078131
8.014121
0.718972
6.624773
6.470189
5.666832
0.798760
0.678751
0.434079
6.090458
5.931376
1.296865
5.561325
0.797306
0.658631
0.604471
0.378052
0.232763
0.186989
0.614312
6.236505
6.149608
0.131938
2.141597
2.330702
6.056861
6.994552
6.932807
5.170748
5.231436
6.282815
0.983605
0.812478
5.299165
0.283152
0.390123
0.257257
0.253619
0.707886
0.413600
0.307926
0.533791
0.420420
0.547153
0.787379
6.063415
0.643628
6.266146
0.773002
0.392722
0.217613
0.442713
0.292872
0.720425
0.707886
0.571431
6.941974
6.131071
0.428044
8.453386
7.315114
6.324895
1.156681
6.228143
0.562442
5.975252
1.348297
6.589648
0.661550
6.780797
0.143336
0.424770
6.881755
0.294147
7.035766
1.367903
0.459808
5.633275
0.950222
6.251353
0.057344
6.715330
0.615177
6.546760
5.905356
0.638718
6.203977
6.464247
1.290325
6.280913
6.418368
6.400825
5.554014
0.183805
0.510727
6.174425
5.903985
0.949008
0.487521
0.888045
0.657983
