1.480409
1.716176
7.124001
8.857975
7.911247
0.711784
0.870669
0.450404
0.435265
0.465466
0.885984
5.356694
3.460127
3.349709
1.485131
0.526195
0.166532
3.410276
1.741618
0.623813
5.824074
3.274256
2.049344
0.521811
0.275445
3.324858
2.259210
0.683289
0.301552
0.626697
0.275086
0.403102
0.177197
0.126228
1.067506
0.652194
0.264111
0.738523
4.820688
0.882744
3.171147
4.413281
2.337847
3.277309
4.450363
2.485894
0.636475
0.366049
4.353749
2.768695
1.466653
3.964464
3.276921
1.661493
1.127872
0.688730
0.521009
0.859928
0.264989
0.399431
0.684934
0.083200
0.415461
0.437030
1.036843
0.325368
0.100458
0.400437
0.877743
0.046717
0.888368
0.937200
0.075791
5.051605
2.390476
0.837639
3.416157
2.089265
1.730877
0.268907
3.450089
3.672091
0.587090
3.091280
2.762981
3.671533
1.435424
0.565763
0.389262
0.413685
0.542511
0.511061
0.279391
0.225890
0.715914
0.428752
1.202665
0.604536
5.150450
1.419179
1.582782
3.883486
1.673565
0.566959
0.784912
0.495916
0.945488
0.445059
0.167427
3.642266
3.189548
1.263582
0.928156
0.526793
0.143708
0.229633
1.051464
0.507596
4.039535
