0.587458
0.579489
0.603468
5.844362
0.265529
5.762885
5.745652
0.487576
0.212674
0.819843
5.899712
0.069117
6.088211
0.830975
7.444163
6.432581
0.105510
0.669658
0.407098
6.195241
5.780601
5.724779
6.238840
0.357938
1.465343
6.662005
0.374020
5.650609
6.375157
0.670079
6.501928
0.140231
0.448003
0.456809
5.981639
5.741351
5.865032
0.717985
0.123558
6.569081
0.781588
6.161780
6.304677
0.117254
0.486681
0.609319
0.346169
6.599175
0.436831
5.929712
1.161546
1.086802
6.206637
6.789656
5.548275
6.533974
6.862208
5.830318
0.534130
0.806504
1.226521
6.227027
6.376540
6.993546
0.294400
6.231408
1.217021
0.532556
0.671762
6.773010
6.641233
6.343425
0.263586
5.975722
6.249456
6.097349
1.088636
6.587214
0.635609
6.428056
1.953766
1.657555
6.856647
5.538629
5.639045
0.386076
1.057426
1.011071
0.639933
6.082897
6.320779
0.726975
0.795333
6.221010
6.100710
4.860012
2.353898
0.442321
0.268082
1.582040
0.588801
0.471382
1.902807
1.264862
3.434542
3.691707
5.513450
0.772864
0.278362
6.443405
6.431924
6.573347
0.287082
6.081413
6.269387
0.318983
0.977008
6.637120
0.791485
