0.411856
0.592533
0.586781
0.749278
0.694849
0.164156
0.658549
8.252639
7.131170
1.000569
0.506038
0.533945
1.084101
1.338055
7.873493
7.040117
1.665903
5.762083
0.870877
1.660090
6.960713
6.839262
7.226814
0.840603
5.857393
4.998561
5.562956
4.045036
0.740269
1.121262
0.230054
5.842001
4.352066
0.638417
0.406890
0.295761
0.657034
4.617873
5.295779
0.432016
0.704710
1.081559
0.488805
5.927703
5.489255
5.240291
5.563851
4.159445
4.430871
5.437444
4.243259
5.173950
4.905549
8.135755
7.054523
7.748441
0.523806
1.338956
6.018806
0.282947
6.397466
5.030727
6.236672
6.760378
5.244221
5.337938
0.312021
5.908116
2.877806
4.323945
0.846955
5.802945
1.847944
2.031758
1.083716
0.856325
6.245176
0.503095
5.310591
0.558050
6.411976
6.273573
5.999440
7.846892
7.634962
0.142107
0.361517
5.429769
5.899663
0.108625
0.919244
0.456909
0.764484
0.654693
7.490734
1.076324
0.270253
0.920836
6.919870
0.394659
5.457699
5.005216
0.610772
0.394632
4.773890
4.673764
5.488213
4.947086
0.821354
0.687027
0.921046
4.984423
4.161880
0.622930
0.408539
6.433490
6.103947
6.001515
0.214049
