0.641025
8.235343
8.779521
6.651195
6.752511
0.416801
0.774324
0.690158
0.461919
5.712193
7.184528
4.419609
1.633229
0.322253
0.461770
0.668833
0.410987
7.033974
1.296497
0.605416
0.508916
0.462718
3.817263
2.062621
0.485250
5.664850
4.267369
6.757258
0.250686
3.073893
0.915210
1.732793
2.694541
0.411414
2.141301
0.737767
2.814124
4.208909
5.269867
0.994488
0.616385
3.615380
3.826634
0.607299
1.466576
0.544812
3.733902
1.712416
0.689668
6.684345
0.064721
3.860945
2.304491
5.679313
0.706120
4.070552
4.080415
0.187028
3.849704
2.407948
1.186396
0.581557
0.106417
0.832217
0.430036
0.487254
0.533301
0.094632
0.290569
0.470579
5.039588
3.812359
1.650497
0.539301
6.634566
3.936600
1.355732
0.441876
0.566375
0.082135
0.248473
0.109066
0.200192
0.202758
0.412361
0.615034
0.332929
0.343858
0.627671
0.770416
0.352731
0.141137
0.804053
0.198865
0.658622
0.832707
0.377607
0.439975
0.628003
0.413458
0.507807
0.658302
0.604423
0.275351
0.218075
0.481075
0.127307
0.311233
0.548090
0.115984
0.152897
0.410415
4.160963
2.849219
0.472509
4.583534
2.869032
1.173362
0.442231
