0.756469
6.304456
0.195618
0.475709
0.414651
1.090321
0.460438
6.824906
0.269360
0.200857
0.861835
0.376275
0.333845
0.199578
6.984819
6.658615
6.347848
6.415050
5.951952
2.929636
6.778250
0.507802
5.926756
5.604982
6.984782
5.712888
0.293672
0.465985
5.957904
5.841029
1.839503
0.582095
0.473535
7.267630
7.297949
6.247751
1.825921
1.956256
6.184438
0.435582
0.222484
5.367602
1.691111
0.401718
3.262995
2.684318
1.488247
6.625748
8.045877
0.388089
6.685113
0.390761
6.651038
6.353408
0.326724
0.734752
0.270785
0.728335
0.218762
0.738529
0.258619
6.632520
6.081235
1.132193
5.223640
2.142398
5.938998
0.822122
5.792690
6.143700
4.914764
1.706952
5.195225
0.283211
0.536369
0.681573
0.168646
0.781966
0.799261
0.738793
0.218811
0.872984
1.187808
7.367865
6.263700
0.913728
0.771452
0.967808
0.271757
0.669510
0.123930
0.748698
5.976192
6.174227
1.850621
0.482489
0.279293
0.400590
0.222439
0.731731
0.659951
0.824768
0.191050
0.214351
0.412536
0.519633
0.491181
0.523526
0.098175
0.190813
6.327720
5.701244
0.445574
0.372390
6.988485
0.190547
1.190251
6.323227
0.043416
