0.477075
6.813531
0.831154
7.008181
2.970860
2.412930
1.753505
5.112522
0.364256
0.062466
0.416853
1.214988
7.363986
5.696492
0.334322
0.992905
0.220753
5.536165
0.415294
3.222046
3.292293
0.975844
0.288750
3.096724
3.163144
7.243917
7.104698
1.608603
6.968804
6.012057
0.662781
2.034099
3.490464
5.355695
0.827729
6.900870
5.178965
0.619676
4.575274
0.548644
0.288244
5.089104
5.428246
5.874483
0.426322
0.470357
1.085608
6.600112
6.192112
5.289176
1.661611
6.458453
1.219471
5.119996
5.706826
0.095146
1.464905
0.982012
1.593077
6.652478
0.476366
0.368374
0.465650
4.613728
3.929702
0.574941
3.353678
5.237198
4.933369
0.641179
1.020283
0.511263
5.506992
0.627884
0.382101
1.132542
6.165897
0.704707
0.284519
4.886633
1.395134
6.827694
6.829528
1.625827
5.987574
5.872825
5.816460
5.909851
0.368662
8.038686
0.411896
3.490444
4.770539
0.656016
0.772433
0.167575
0.216068
0.341390
0.517816
0.460214
0.402713
0.836491
0.633556
0.397239
0.277441
0.849567
0.413453
0.598011
0.466197
0.352275
1.001854
0.450238
0.679056
8.493114
7.911141
6.848983
7.238187
8.395607
7.908126
