7.281197
6.044163
0.950043
4.459477
5.226940
0.380121
0.241878
0.715914
0.364014
0.519552
0.521202
0.310753
0.772141
6.669446
6.036377
0.349234
0.310091
0.435375
0.714042
0.727203
6.016117
7.276871
7.842782
6.930474
6.793584
6.249411
6.725619
6.600637
6.333446
5.953534
0.135534
0.476650
0.496705
5.874381
6.174551
0.190725
0.697311
6.570755
6.578420
7.432414
6.496382
6.897920
7.398584
5.655924
5.148683
0.173577
0.478424
6.422595
2.549615
2.754289
7.005640
0.586951
0.301917
6.642575
2.152926
0.780388
5.584675
0.164744
5.476598
1.527022
0.126550
6.563590
6.279150
5.931797
0.628495
0.236355
0.448452
0.758899
0.609614
0.557359
6.244089
6.195765
4.711545
4.562193
0.844163
0.250379
1.007031
0.478349
0.547023
1.161269
7.350663
6.476968
0.612395
0.368114
0.138619
1.105287
0.578037
0.353371
0.484942
0.443743
0.137697
0.122348
8.132442
0.539820
7.262640
1.016536
6.751774
0.387836
6.848295
4.334484
3.750029
7.906953
0.482298
6.207024
7.102950
7.279450
0.167630
6.186282
0.603787
1.494531
7.388201
7.149975
6.921328
7.004789
6.679774
0.639675
5.276139
1.391387
5.893143
