5.386266
4.918646
5.612428
0.946002
0.742360
7.686199
1.928521
5.011841
7.564141
6.229608
5.774395
5.734878
6.796607
6.146903
0.704948
0.715743
0.042875
0.781413
0.776416
7.084001
6.648940
6.747437
0.774627
0.128667
6.027672
0.635382
0.309921
6.634614
6.736421
4.537711
1.502604
1.974398
7.133123
6.772486
0.063724
6.162303
0.943346
0.661840
5.535217
0.637796
6.191486
5.576832
5.141557
5.444343
0.226927
0.315662
5.328512
0.378511
7.476151
0.358850
7.114004
7.116793
7.038018
0.491553
7.303961
0.331757
1.214675
0.210457
0.281813
7.100745
0.593527
0.539584
0.319232
0.331584
0.985485
4.361742
1.667626
5.276173
0.742442
7.265950
6.336674
0.378398
0.587682
0.694878
0.506022
7.538814
6.345930
0.779926
1.040256
8.717309
7.840032
0.812306
0.508247
1.098453
7.076764
0.831197
6.198956
0.268470
7.185643
3.429205
8.326046
1.581084
0.413496
1.719922
0.446314
0.331197
0.455611
0.493681
7.208570
7.525827
0.231300
0.848391
5.272014
0.686832
0.773113
2.081173
4.905055
2.507622
4.432317
5.060982
5.255207
0.328577
0.292051
5.280656
5.193926
3.888284
4.278006
6.999887
1.247110
