2.452647
0.298955
0.421187
5.557309
7.476401
6.982319
1.561063
8.229743
0.899300
0.846337
6.977757
6.734806
0.958024
1.196303
6.510851
0.915192
6.735961
0.387566
0.950567
0.367255
7.578147
7.358008
1.087908
6.360774
0.493044
0.735213
7.184500
7.060641
0.931964
0.237327
6.820348
1.897043
2.468237
7.052557
0.411486
0.377162
0.543005
0.393677
0.381213
7.990212
0.527102
6.315579
0.532369
0.801655
5.025959
2.283022
6.516914
6.765737
7.552848
12.209386
4.057906
0.544030
7.353138
6.692021
0.184529
0.578158
0.559404
0.407324
0.414252
0.535019
5.744473
1.724209
6.951769
5.142550
1.346383
6.266580
0.416174
4.053825
4.592771
8.718910
3.431062
5.408202
4.567745
3.058796
6.183591
0.222169
5.597942
5.760646
6.540700
5.692847
0.708506
5.496964
5.005029
0.493044
0.306430
5.737044
3.009265
6.412475
6.399802
0.271179
0.176144
0.544427
4.924286
0.215205
5.484631
1.601408
0.963501
5.041166
7.939952
0.249277
4.936413
8.756223
1.691807
6.642766
2.070132
0.769494
0.212030
0.510553
0.363023
4.991168
4.600901
0.694158
3.340224
2.193710
7.512931
0.738797
0.232201
5.222522
0.306687
