0.192137
7.889978
6.846068
0.740197
0.273998
0.752326
0.339092
7.530714
7.390810
0.102275
0.426656
0.864176
0.457666
0.534785
0.914673
0.702249
0.373522
0.478183
0.335714
3.884503
4.714984
0.076927
6.593104
3.060436
4.871231
1.512805
0.255819
1.301550
0.341263
0.202708
6.667645
0.235396
1.501894
0.842479
7.669013
1.098743
0.307414
0.699386
0.855515
0.841935
0.754158
0.625167
0.980277
0.928523
0.278480
0.488368
7.680556
7.825170
0.700316
0.835828
0.433734
0.147175
0.241936
1.068421
0.446776
0.264838
7.962649
0.252428
0.044223
0.371998
1.557417
1.033406
6.493608
6.129371
6.419927
7.152332
6.450803
0.590728
5.469491
6.085224
0.317398
1.013512
1.001828
0.928675
6.823800
6.323662
0.665128
0.608864
0.768234
0.219012
0.759147
0.168907
0.457873
0.285509
0.676878
0.542641
0.321435
0.310993
0.806653
0.163864
6.033336
0.222271
6.979745
0.667046
8.229851
0.248175
6.189557
0.485596
6.352006
6.353127
0.462222
0.827771
0.667923
0.600490
0.382129
1.003738
0.173761
7.461518
7.016950
6.662038
6.176000
6.033311
6.190654
7.002609
0.920309
0.720221
5.752975
1.405739
6.942446
