2.124743
5.237031
0.094131
0.513076
0.397604
0.792078
5.895202
0.196180
0.626117
0.828517
0.107017
5.518095
5.426817
0.378560
1.592227
6.240500
7.122429
0.190547
0.154550
1.038222
6.261377
0.447725
0.528412
0.719835
0.295558
0.787171
0.527078
5.661193
4.451790
0.650502
1.405214
6.709424
6.577841
0.567212
0.421845
8.307192
1.857128
2.292220
5.101255
0.319158
6.804900
1.367772
2.190885
0.204595
6.829769
6.958914
1.464012
0.524825
0.697796
0.179248
6.017508
6.118152
0.057854
4.517632
2.738941
0.565442
6.131520
1.525449
2.434968
0.764945
1.100745
2.284392
3.844711
6.174322
2.207822
4.535400
5.580501
0.516285
0.953505
8.195451
7.789370
1.593653
0.847930
0.782243
0.849582
5.657614
1.535319
0.294842
0.897188
0.255320
0.532560
5.000361
1.906043
3.765275
1.089901
7.857587
0.654855
6.904191
4.992036
4.301676
0.987498
4.591596
4.625199
5.024395
2.687853
0.807780
5.633692
0.244304
1.046903
0.143518
6.405982
5.978622
0.562230
0.387867
0.725467
0.877694
0.269113
3.998212
3.947639
7.474666
6.277272
0.803604
0.506260
4.435112
1.492502
6.000727
1.010279
6.457122
0.279118
