5.973799
6.185956
0.585586
1.566940
1.125966
6.295741
6.417279
0.373306
0.597091
6.260496
6.426841
5.907551
5.945775
0.470085
0.322979
8.038403
5.897272
0.343905
0.668690
7.354608
5.875800
6.676344
0.490228
0.226171
6.181753
6.099209
6.680164
1.269938
6.235090
6.161473
6.132384
7.088469
6.732833
0.104385
0.615450
0.638435
0.313261
6.488079
6.347676
0.375226
7.569830
7.110269
6.962871
7.323635
1.231686
0.422656
7.158049
0.141835
0.576151
0.905450
7.317017
6.334574
7.165433
0.335875
0.159449
8.320559
8.246835
6.342896
1.767119
0.427506
7.746952
8.413848
8.141554
8.091202
7.943259
7.613724
0.560389
8.036210
2.658153
0.952214
0.536569
0.577816
0.669519
0.774922
8.156355
7.770195
11.018876
9.365020
5.564078
7.044151
7.941802
7.427532
0.802918
1.068642
8.492224
0.204340
0.604197
1.026477
0.576346
0.838760
1.024696
0.372809
0.849684
0.857505
6.166399
6.461935
3.095728
4.578147
4.812572
4.605941
7.400828
0.287669
7.662988
7.306686
7.449027
7.434304
7.353329
6.314634
8.463099
2.711610
7.525888
0.908582
8.086523
2.426703
5.928325
1.273702
0.824671
7.499846
7.889234
