0.415816
0.606974
6.876076
0.404567
0.882666
5.830287
5.814288
7.212403
0.440540
0.579900
0.846598
1.493634
0.434212
1.900338
3.070264
3.333398
1.871897
4.152296
3.256591
1.265569
4.960014
3.800376
0.636514
0.703950
0.434931
0.560728
0.790994
0.818197
1.069639
0.698775
0.919426
0.588539
0.487767
0.342272
4.768115
3.777543
4.838476
4.299992
2.788763
3.786277
1.565016
0.822552
0.512018
0.712643
0.898249
0.285133
0.770354
0.627182
0.283900
5.769949
1.332448
0.832737
2.525970
1.523178
4.204635
3.049901
3.643583
1.018033
0.855064
0.138431
0.479876
0.494656
4.976512
1.160423
0.605346
0.934777
3.377404
5.057339
2.328444
0.295050
0.732227
4.784967
0.631205
2.690914
4.898379
1.734541
5.240030
3.897707
2.847349
2.697720
4.431355
1.715546
4.527624
1.271160
3.126196
2.288099
0.247572
3.614814
3.614639
0.861343
0.509283
0.088484
0.702985
1.052667
0.742808
4.057567
2.486026
0.244263
0.577034
4.352319
4.054169
0.942013
0.183532
0.207450
0.820770
3.672764
2.295232
4.099953
4.579567
0.358536
0.237408
0.348879
4.096992
1.554591
0.990305
0.358581
0.344469
0.640093
0.198448
