0.710583
0.538548
7.303214
1.114970
6.122705
0.884638
6.428624
1.023569
5.140068
0.309406
0.457313
2.674966
3.016037
0.537136
1.582380
0.497538
7.171197
0.275815
0.868371
0.327585
5.828172
0.546258
0.808094
1.704907
6.031587
0.730432
0.567454
5.583079
0.827616
6.471306
6.871337
1.060269
5.892586
7.061610
1.830749
0.873465
0.318782
5.733544
6.276017
0.781935
6.421184
0.950944
6.990644
0.730661
6.655327
0.814592
0.495722
0.049866
6.608367
6.346286
0.866208
6.280030
0.755656
5.921693
6.290463
6.166825
7.020561
0.967370
6.462737
5.824351
4.841092
0.357938
6.982723
2.031005
0.711245
5.638046
7.397995
6.358680
0.686141
6.534510
6.884042
5.845989
6.226092
0.280361
6.686352
6.189615
6.318312
6.523639
6.555428
0.160545
6.289247
4.680240
2.069311
2.384247
0.816756
0.308679
0.366414
0.227192
6.724210
0.576849
0.156096
0.970755
6.718259
0.747935
7.595488
0.560832
7.212309
7.206836
7.585444
1.335126
0.071759
5.215396
6.204717
2.082798
5.335778
0.153354
5.855642
6.800569
0.070795
7.222443
0.136412
6.633629
1.310559
6.396637
1.860863
0.654682
6.596135
5.140473
5.000182
