1.786173
0.280691
0.842391
0.265562
0.115506
0.434153
0.609693
0.655463
0.829341
1.291701
1.289825
0.231000
0.507329
0.886385
0.558357
0.588050
0.748512
0.297524
0.398453
0.354395
0.623483
1.877801
2.025158
0.703331
0.170600
15.063396
14.799931
0.296981
0.899827
1.107973
2.611083
1.633169
0.523520
0.819044
0.620863
0.449283
0.713054
0.656955
7.194315
3.274506
0.641345
9.436076
6.966513
5.233149
5.829703
1.890674
0.508326
0.230097
0.290036
5.562556
4.532672
6.538635
4.898718
0.844628
7.032344
2.677997
0.345579
0.190939
0.477065
7.767363
7.523532
3.833839
1.072811
0.711121
7.883854
3.014856
0.272700
0.450743
0.046113
10.107143
7.052282
7.860667
1.266067
0.164404
7.548190
6.169526
6.888233
8.501516
0.142234
0.397780
0.888417
0.321982
0.747992
2.585361
2.422331
0.492374
1.572415
1.535121
2.284173
4.319307
4.997553
2.580437
0.668405
0.500835
0.462560
0.571029
0.423753
7.606660
7.072783
2.858690
4.455685
4.744414
6.965118
7.410533
7.831536
7.035058
0.573198
6.242957
6.011241
1.738804
3.063091
3.142582
4.930394
6.873016
7.665122
4.528830
5.375124
4.655516
1.410141
