6.455480
5.941570
1.553945
2.924594
3.598735
4.269643
6.605163
0.572345
0.221582
1.249491
6.632254
1.985878
1.172773
0.104008
4.956905
5.751732
0.443744
5.467128
7.498779
2.170890
6.400669
0.483724
5.118127
0.723684
0.781546
5.799855
11.353996
4.971618
6.876443
6.319480
6.527192
0.614457
0.290291
5.688036
6.472267
7.339643
0.992156
7.008226
0.697660
8.889464
4.000347
6.725676
7.362962
6.877033
0.787978
6.977169
1.367982
0.509449
5.956194
0.386485
0.462092
7.456777
6.629616
6.830888
5.563804
9.823377
2.532161
7.183926
7.561275
5.059715
5.200367
7.286702
1.511959
6.113044
0.635901
0.396167
5.183146
5.998819
6.713752
2.192610
0.839686
1.606854
1.763228
6.158310
5.606670
5.113187
0.589142
0.775356
1.247978
6.571632
5.852326
0.420834
5.322932
5.171700
1.147241
0.403022
0.419736
0.304557
0.879114
0.542778
6.423251
6.459223
7.045600
6.371406
0.369185
6.613057
5.937390
1.159629
0.700743
0.417665
0.631092
0.658194
0.430569
6.760845
6.846487
6.359372
6.443808
0.207964
0.220242
0.679124
0.981913
0.824668
6.539293
7.133212
0.801690
0.355337
0.461081
5.188559
4.426696
