0.211466
0.706913
0.683957
0.940883
5.962451
0.968025
4.990774
5.400873
4.453043
3.594639
1.023140
7.435429
6.932256
7.479062
6.562237
0.366501
6.723426
0.498983
0.108459
6.693176
6.383804
0.856936
6.877003
0.572852
0.695806
0.589050
0.752132
0.370820
7.334276
7.943543
8.179809
0.214942
7.333495
0.926549
0.277551
0.219258
0.173250
0.392870
0.396708
0.545773
0.854333
0.100810
0.330387
0.773447
0.398066
0.426685
1.129552
6.711949
6.784060
0.841871
0.627549
6.837207
1.241166
5.865074
0.874610
4.579860
4.970638
0.451463
1.263874
0.147338
5.501500
5.341346
7.378794
7.387140
1.024591
0.135628
1.338481
6.710339
0.393097
6.580791
0.937747
0.484817
0.083168
7.548725
1.444680
6.228874
1.235573
5.011939
4.939076
0.464376
0.251594
0.625761
1.385259
0.789015
6.380126
6.268695
0.485259
0.055883
0.492439
0.495507
6.621681
7.225641
6.493089
6.303521
6.239742
6.781406
1.045530
6.136686
0.118830
6.231994
6.204993
5.875316
0.498858
1.212863
0.319209
0.487685
0.407538
0.804156
0.743083
0.439303
1.009190
1.552359
1.219567
0.865413
0.926896
5.551193
5.370020
0.446220
0.199478
