0.509360
5.674102
3.902148
0.450924
0.144749
1.413300
0.221991
0.915154
0.577510
7.355441
7.007552
0.945849
0.798970
0.049436
6.165950
6.483314
0.128792
0.346856
0.355605
0.491661
7.582377
0.637800
5.860609
0.795031
4.162619
3.807295
6.281010
0.415778
0.615818
4.237426
2.749582
0.349591
6.686585
1.060291
8.206699
0.823555
0.571860
6.430433
0.395631
0.785570
7.039010
2.218233
6.806761
0.537754
8.276202
4.094296
2.134426
2.346206
6.667895
0.410987
0.632937
0.547497
0.594946
0.777508
0.474705
0.639849
6.855717
2.140733
6.039702
6.075270
0.326170
5.654159
0.865992
6.367625
6.426481
0.097384
0.937463
6.876031
0.605134
7.102761
0.684252
0.148101
5.431134
6.304086
0.828083
0.566130
0.356641
0.830399
6.810853
0.809623
6.005118
6.289145
1.067020
7.101359
6.841732
6.828666
6.616957
6.221951
5.871239
0.651450
6.475243
6.959706
0.739214
0.690815
0.405398
1.140593
6.171255
5.070049
2.117348
1.082211
6.034419
6.643513
6.817075
0.822744
6.277175
6.229848
0.351251
0.672628
5.525741
1.362730
0.959300
0.428399
6.366602
0.630298
6.289404
0.927747
1.720986
5.792703
0.898528
