0.444676
5.489170
5.547441
0.497055
0.573499
6.036214
0.372979
1.577163
1.931834
0.945285
2.463698
3.078816
0.613619
1.113722
5.735010
7.379427
7.100088
6.519025
2.620551
5.860373
7.410685
0.893288
0.656319
0.831084
1.910901
1.569563
0.627629
0.160611
0.514712
0.999401
0.860973
0.334675
0.295463
0.571754
0.273035
0.923545
6.727118
5.039727
0.095496
6.844212
0.817760
0.629093
6.968051
0.788777
1.348290
6.192221
5.838685
2.247299
1.557031
1.166722
6.900023
0.474705
0.207839
7.243578
0.590833
0.128288
0.310031
5.939584
0.323864
5.757137
5.474868
0.762188
0.811797
0.312809
6.837894
6.140930
6.452011
6.807470
0.939504
6.482018
7.118885
0.280881
7.221221
0.550270
0.686118
6.073491
6.193151
4.888816
5.018626
0.093904
6.618719
0.307015
7.925449
7.442894
5.285874
6.129707
0.364790
0.247302
0.958316
0.606379
7.850363
0.813468
0.400147
1.202111
0.703610
0.432365
1.993854
6.768056
7.056259
1.571982
5.879937
6.702001
6.731807
0.384634
0.389331
0.963547
0.215444
0.604858
1.060359
1.025336
0.426952
6.370945
6.561765
6.493358
6.246741
6.722236
6.876095
9.768123
2.086360