0.616026
0.679880
0.245961
0.367979
0.665598
0.182139
0.619601
0.489732
0.579963
0.238680
0.282191
6.312144
5.859428
1.024980
0.406225
0.123455
7.164301
5.900446
5.294768
5.887922
0.589011
0.430392
0.536275
0.640871
0.599676
0.590755
0.578530
0.785796
0.713332
0.515307
0.386471
0.859693
0.179442
7.097058
7.006305
0.782593
6.903839
0.422321
0.283152
0.215326
0.289546
1.156674
4.723118
9.660689
2.365488
6.660071
5.160684
9.295777
9.719531
3.946474
6.542996
6.828332
3.996642
3.782948
5.908051
6.596166
6.235813
0.371878
0.092918
0.689508
1.312736
0.367925
0.783527
0.619413
6.400357
5.625127
6.246858
0.640646
1.843673
6.288519
0.478528
0.422283
1.245043
0.484577
0.971574
0.378179
5.956626
6.425277
6.129990
6.359209
0.372428
5.568379
0.400347
6.084692
5.655252
0.230806
1.544843
1.598435
5.102520
0.333833
5.590686
5.412066
0.247421
0.617984
0.058450
0.429401
0.760503
0.473423
0.634625
6.708455
6.365347
0.802771
6.108615
5.736357
5.439493
5.845249
6.222936
0.699485
5.960971
0.720258
0.917074
0.605343
0.656503
0.638975
6.906942
1.001007
6.605121
6.511920
6.776875
