6.736185
4.209469
8.739414
4.700188
0.927787
2.021443
6.945744
1.079520
0.477665
7.429446
0.418961
6.612068
5.975801
5.237327
0.622009
6.103449
7.257291
0.855038
6.489552
1.158474
6.592439
1.309838
6.533735
6.289166
5.833819
0.282940
0.943709
0.873420
5.839405
5.842129
0.326448
0.373565
0.298021
0.474356
0.087208
0.526793
0.180985
0.651261
6.776427
7.126532
7.985293
0.396490
2.071858
6.667127
1.317351
6.226722
0.814566
5.745623
0.792765
11.734038
9.101835
4.426415
5.883586
0.328353
0.116076
0.867303
0.877190
0.599591
0.376652
0.523438
0.680687
0.680139
0.162428
0.325990
0.389345
0.941338
1.227456
0.516569
6.438849
1.292067
1.601388
1.738794
0.159649
0.267165
0.334659
0.288604
7.068557
0.169061
6.911994
6.456467
0.366738
0.074799
6.885217
6.419141
0.343066
0.366020
0.459808
5.899153
5.612463
0.926682
0.562442
0.082005
0.381849
0.436500
7.049415
5.920343
0.504439
0.557741
0.321889
0.027768
5.870707
5.817789
0.445592
0.299377
6.449743
6.591044
0.546549
0.324129
0.602383
0.609132
0.183703
5.865631
6.254711
0.186012
10.944782
9.152644
3.984238
6.459005
0.441248
