6.711416
1.118814
5.490781
0.713973
6.536917
0.462775
5.602941
5.434987
0.479881
0.561716
1.203509
6.804867
6.803901
0.441944
0.484693
6.745140
5.827046
6.627941
6.546214
6.650638
5.779998
1.151721
1.394783
7.172420
0.348812
0.166677
1.304917
0.203555
0.317701
0.238529
6.405468
1.604677
6.774407
6.157180
7.018270
11.380097
9.272401
5.340266
6.235575
0.277277
0.761784
6.071351
6.339673
6.292044
1.429554
1.107647
6.487115
0.582955
11.121903
9.210459
4.333966
0.553809
6.447385
1.022350
11.625203
5.966614
6.234546
0.518051
6.228866
2.038557
6.332453
6.979437
0.526103
7.323824
1.163275
0.696702
0.038132
0.707306
0.310817
0.976211
0.633657
0.829461
0.740359
0.329985
0.270206
0.975697
6.215172
1.569767
0.276885
5.523374
0.391388
6.584451
0.379538
6.071937
5.578896
6.729748
6.464732
0.283543
0.176095
6.143649
6.597542
6.224412
1.018501
3.588502
3.940639
0.019049
0.296585
0.746071
0.443275
0.802659
0.530150
0.626704
0.819830
0.836795
5.111198
5.814675
0.810136
5.963314
6.109987
0.089085
6.419411
5.761809
0.308229
5.025739
3.937076
6.431302
7.188795
0.762624
0.456554
