0.454279
11.400102
9.708237
1.722443
0.583166
0.317549
5.501508
2.545098
2.129893
1.283506
6.345618
1.003506
1.240194
5.851274
5.363549
0.552845
0.676082
6.393874
6.609816
6.922560
6.886153
0.077695
6.959587
6.380856
0.185969
6.546145
5.938839
0.786195
7.125637
5.731663
0.974976
0.549460
0.307707
0.544212
0.531004
8.035232
7.335561
0.852694
0.451310
1.094248
0.628330
6.453238
0.777346
1.004468
6.159276
0.278700
0.215029
1.146038
0.051718
1.684339
0.738399
6.431118
6.521451
6.560853
0.496994
0.236132
0.307623
6.170429
0.754621
6.432014
0.359830
6.498614
6.167950
1.651238
0.335424
0.587940
0.549014
1.235516
0.879326
0.516991
5.911908
0.416841
0.867700
6.560935
0.881915
5.989591
0.621008
1.005833
0.651020
6.655974
5.651514
6.323882
6.188716
0.729215
0.754989
0.663598
0.869769
0.550549
7.876876
6.474333
0.788682
7.614449
7.232643
6.657610
0.257565
0.141350
7.463954
0.311311
8.046394
0.066148
7.350130
1.168391
0.567398
6.276247
6.447101
0.547906
0.716946
0.647209
0.389022
1.058336
1.028044
4.635351
3.904465
0.843471
6.758114
7.116767
1.536862
6.102281
0.652668
