5.645746
0.444285
6.759279
0.239623
1.231211
0.433544
0.523898
0.386663
0.247989
5.647637
7.671341
5.699691
5.546816
1.782760
6.420270
0.322253
6.461353
0.911321
6.475699
6.247607
1.647716
0.243442
1.310732
1.002895
6.930652
6.650182
0.188958
0.069540
0.875856
6.234618
0.844544
6.708022
0.255788
0.263343
0.324604
0.877581
0.177243
6.487912
0.778529
5.712927
6.088006
7.438489
6.467121
0.481647
0.504937
6.153533
0.453256
0.548892
5.494953
6.218018
1.025038
0.639042
6.027925
6.439645
6.683019
6.708158
3.541375
4.299667
7.615238
7.872684
0.285379
6.670876
0.370762
0.688058
7.063490
5.717437
0.520803
0.178592
7.639737
6.395068
7.794002
3.702017
3.963011
6.539874
5.822416
6.186337
0.752587
6.556675
6.689058
6.280582
0.669193
6.508398
0.679318
0.485711
6.421719
0.656077
6.119634
6.617624
0.345391
0.545592
0.663988
0.641034
0.114880
0.553250
6.659042
5.630799
0.662351
7.484515
1.053802
0.566421
6.530425
6.630695
0.393591
0.629361
0.281971
5.245308
6.763256
0.572948
0.731155
6.094502
0.510213
6.800404
0.918969
7.064829
6.848657
6.432499
5.699841
1.054191
6.909614
