0.832140
1.145143
0.464868
0.583568
0.636683
5.649415
6.178875
0.688258
1.081406
0.604850
0.932320
0.600960
0.598011
0.484219
0.111958
7.144965
1.149037
0.498560
1.155811
2.169168
0.113883
6.725019
0.207801
0.570613
0.464411
0.485963
0.348117
0.933949
0.889258
0.133806
0.650627
4.990509
6.129669
5.819440
5.249334
0.241221
0.670420
0.332650
7.301073
6.813937
0.702887
0.325522
0.541700
0.804965
0.422675
1.036797
0.121148
0.683293
0.993575
0.215923
0.516656
0.668082
0.241619
0.243256
0.635612
0.524673
0.216281
1.338645
0.716108
0.820357
0.641151
0.242610
6.993832
1.473643
6.192039
6.447615
1.624701
6.968316
6.132267
0.771064
6.230740
6.267395
2.600642
2.689961
6.941380
0.791468
5.615715
6.098172
0.549073
0.196299
0.559579
0.262416
0.532168
0.201861
0.744380
1.111847
0.768027
0.059266
0.931123
0.527293
0.585586
6.837009
6.388273
0.501872
0.457282
0.265223
5.711010
5.621670
0.885747
0.342911
0.244320
0.606479
0.532625
1.076646
0.459076
0.584199
6.979390
0.492671
6.514829
6.058151
6.479165
0.623478
0.367646
0.150261
0.623727
0.669028
0.564889
7.056831
6.834532
