7.369236
0.919016
6.971619
1.042463
0.555700
0.354041
7.185883
0.783104
0.425504
6.701889
6.824532
6.740033
0.222124
0.857820
0.477620
6.753938
6.551472
0.728772
0.324454
0.354088
0.519912
6.393823
6.688912
0.737589
6.827489
0.496662
0.294024
1.284809
0.951013
6.814591
6.548874
0.730286
6.734219
6.899171
0.503691
9.873082
10.045872
6.705058
0.826234
0.589558
11.003949
8.752691
3.247071
0.632662
0.752348
0.405412
0.586354
5.896461
6.620228
5.471676
6.086694
0.381178
7.164715
7.060960
7.356651
5.762229
0.164424
6.861366
6.325543
0.399532
0.414154
7.660632
7.638506
0.389694
1.489623
0.703684
8.158558
4.977458
3.228895
6.626738
4.595896
0.432459
0.306502
2.426381
5.809364
4.339529
0.117934
0.189884
4.446815
3.773758
0.479218
4.680708
4.337051
0.428332
4.179485
0.111174
3.917943
0.649136
0.403728
0.209183
0.537722
0.403598
0.245061
7.101175
1.232856
7.565030
5.558380
5.187553
0.194322
0.091274
0.295034
8.232259
2.837307
7.412987
6.706395
0.793447
8.306765
6.989776
7.268890
0.192525
4.375463
2.599392
2.588421
0.390482
7.937256
7.923038
7.461716
1.765954
0.851389
