6.127568
0.798714
6.486847
0.521094
0.570833
6.453553
0.338437
0.996080
6.729207
0.488510
6.233611
6.287930
6.047593
0.326659
0.071591
0.208221
7.110493
7.210719
0.225370
0.411493
6.324534
1.119262
6.917257
0.347933
6.831764
1.284635
8.151483
0.169474
0.934555
6.471097
7.046431
0.790023
0.734661
0.995158
1.057415
0.875152
0.299700
6.802570
1.048287
7.007476
2.651321
6.000787
0.326062
0.664801
0.324824
0.627515
0.720154
0.958528
7.058129
6.917458
6.955142
6.312814
0.381468
0.533071
0.550478
0.257669
7.343900
7.099691
0.068233
5.470446
0.525564
6.073376
0.668897
0.709005
6.576107
5.706919
6.582852
6.033596
6.181074
6.887572
1.493235
0.601573
1.090731
0.525860
5.555173
0.836797
6.002778
0.465459
5.213048
5.604924
0.550954
6.041006
6.148840
5.314337
2.592333
1.026749
0.398120
7.166846
0.247680
6.845402
6.627443
0.506731
0.088537
0.614435
0.746839
0.221787
0.079427
0.822315
1.389824
5.926932
0.485705
1.111474
5.902699
6.522521
0.087078
6.949755
0.414201
1.325266
0.636777
6.520231
7.343125
0.548508
6.943805
0.357485
0.241199
7.492254
5.602665
7.024544
0.867516
