0.444676
5.489170
5.547441
0.497055
0.573499
6.036214
0.372979
1.577163
1.931834
0.945285
2.463698
3.078816
0.613619
1.113722
5.735010
7.379427
7.100088
6.519025
2.620551
5.860373
7.410685
0.893288
0.656319
0.831084
1.910901
1.569563
0.627629
0.160611
0.514712
0.999401
0.860973
0.334675
0.295463
0.571754
0.273035
0.923545
6.727118
5.039727
0.095496
6.844212
0.817760
0.629093
6.968051
0.788777
1.348290
6.192221
5.838685
2.247299
1.557031
1.166722
6.900023
0.474705
0.207839
7.243578
0.590833
0.128288
0.310031
5.939584
0.323864
5.757137
5.474868
0.762188
0.811797
0.312809
6.837894
6.140930
6.452011
6.807470
0.939504
6.482018
7.118885
0.280881
7.221221
0.550270
0.686118
6.073491
6.193151
4.888816
5.018626
0.093904
6.618719
0.307015
7.925449
7.442894
5.285874
6.129707
0.364790
0.247302
0.958316
0.606379
7.850363
0.813468
0.400147
1.202111
0.703610
0.432365
1.993854
6.768056
7.056259
1.571982
5.879937
6.702001
6.731807
0.384634
0.389331
0.963547
0.215444
0.604858
1.060359
1.025336
0.426952
6.370945
6.561765
6.493358
6.246741
6.722236
6.876095
9.768123
2.086360
0.756469
6.304456
0.195618
0.475709
0.414651
1.090321
0.460438
6.824906
0.269360
0.200857
0.861835
0.376275
0.333845
0.199578
6.984819
6.658615
6.347848
6.415050
5.951952
2.929636
6.778250
0.507802
5.926756
5.604982
6.984782
5.712888
0.293672
0.465985
5.957904
5.841029
1.839503
0.582095
0.473535
7.267630
7.297949
6.247751
1.825921
1.956256
6.184438
0.435582
0.222484
5.367602
1.691111
0.401718
3.262995
2.684318
1.488247
6.625748
8.045877
0.388089
6.685113
0.390761
6.651038
6.353408
0.326724
0.734752
0.270785
0.728335
0.218762
0.738529
0.258619
6.632520
6.081235
1.132193
5.223640
2.142398
5.938998
0.822122
5.792690
6.143700
4.914764
1.706952
5.195225
0.283211
0.536369
0.681573
0.168646
0.781966
0.799261
0.738793
0.218811
0.872984
1.187808
7.367865
6.263700
0.913728
0.771452
0.967808
0.271757
0.669510
0.123930
0.748698
5.976192
6.174227
1.850621
0.482489
0.279293
0.400590
0.222439
0.731731
0.659951
0.824768
0.191050
0.214351
0.412536
0.519633
0.491181
0.523526
0.098175
0.190813
6.327720
5.701244
0.445574
0.372390
6.988485
0.190547
1.190251
6.323227
0.043416
0.641025
8.235343
8.779521
6.651195
6.752511
0.416801
0.774324
0.690158
0.461919
5.712193
7.184528
4.419609
1.633229
0.322253
0.461770
0.668833
0.410987
7.033974
1.296497
0.605416
0.508916
0.462718
3.817263
2.062621
0.485250
5.664850
4.267369
6.757258
0.250686
3.073893
0.915210
1.732793
2.694541
0.411414
2.141301
0.737767
2.814124
4.208909
5.269867
0.994488
0.616385
3.615380
3.826634
0.607299
1.466576
0.544812
3.733902
1.712416
0.689668
6.684345
0.064721
3.860945
2.304491
5.679313
0.706120
4.070552
4.080415
0.187028
3.849704
2.407948
1.186396
0.581557
0.106417
0.832217
0.430036
0.487254
0.533301
0.094632
0.290569
0.470579
5.039588
3.812359
1.650497
0.539301
6.634566
3.936600
1.355732
0.441876
0.566375
0.082135
0.248473
0.109066
0.200192
0.202758
0.412361
0.615034
0.332929
0.343858
0.627671
0.770416
0.352731
0.141137
0.804053
0.198865
0.658622
0.832707
0.377607
0.439975
0.628003
0.413458
0.507807
0.658302
0.604423
0.275351
0.218075
0.481075
0.127307
0.311233
0.548090
0.115984
0.152897
0.410415
4.160963
2.849219
0.472509
4.583534
2.869032
1.173362
0.442231
0.509360
5.674102
3.902148
0.450924
0.144749
1.413300
0.221991
0.915154
0.577510
7.355441
7.007552
0.945849
0.798970
0.049436
6.165950
6.483314
0.128792
0.346856
0.355605
0.491661
7.582377
0.637800
5.860609
0.795031
4.162619
3.807295
6.281010
0.415778
0.615818
4.237426
2.749582
0.349591
6.686585
1.060291
8.206699
0.823555
0.571860
6.430433
0.395631
0.785570
7.039010
2.218233
6.806761
0.537754
8.276202
4.094296
2.134426
2.346206
6.667895
0.410987
0.632937
0.547497
0.594946
0.777508
0.474705
0.639849
6.855717
2.140733
6.039702
6.075270
0.326170
5.654159
0.865992
6.367625
6.426481
0.097384
0.937463
6.876031
0.605134
7.102761
0.684252
0.148101
5.431134
6.304086
0.828083
0.566130
0.356641
0.830399
6.810853
0.809623
6.005118
6.289145
1.067020
7.101359
6.841732
6.828666
6.616957
6.221951
5.871239
0.651450
6.475243
6.959706
0.739214
0.690815
0.405398
1.140593
6.171255
5.070049
2.117348
1.082211
6.034419
6.643513
6.817075
0.822744
6.277175
6.229848
0.351251
0.672628
5.525741
1.362730
0.959300
0.428399
6.366602
0.630298
6.289404
0.927747
1.720986
5.792703
0.898528
0.477075
6.813531
0.831154
7.008181
2.970860
2.412930
1.753505
5.112522
0.364256
0.062466
0.416853
1.214988
7.363986
5.696492
0.334322
0.992905
0.220753
5.536165
0.415294
3.222046
3.292293
0.975844
0.288750
3.096724
3.163144
7.243917
7.104698
1.608603
6.968804
6.012057
0.662781
2.034099
3.490464
5.355695
0.827729
6.900870
5.178965
0.619676
4.575274
0.548644
0.288244
5.089104
5.428246
5.874483
0.426322
0.470357
1.085608
6.600112
6.192112
5.289176
1.661611
6.458453
1.219471
5.119996
5.706826
0.095146
1.464905
0.982012
1.593077
6.652478
0.476366
0.368374
0.465650
4.613728
3.929702
0.574941
3.353678
5.237198
4.933369
0.641179
1.020283
0.511263
5.506992
0.627884
0.382101
1.132542
6.165897
0.704707
0.284519
4.886633
1.395134
6.827694
6.829528
1.625827
5.987574
5.872825
5.816460
5.909851
0.368662
8.038686
0.411896
3.490444
4.770539
0.656016
0.772433
0.167575
0.216068
0.341390
0.517816
0.460214
0.402713
0.836491
0.633556
0.397239
0.277441
0.849567
0.413453
0.598011
0.466197
0.352275
1.001854
0.450238
0.679056
8.493114
7.911141
6.848983
7.238187
8.395607
7.908126
7.281197
6.044163
0.950043
4.459477
5.226940
0.380121
0.241878
0.715914
0.364014
0.519552
0.521202
0.310753
0.772141
6.669446
6.036377
0.349234
0.310091
0.435375
0.714042
0.727203
6.016117
7.276871
7.842782
6.930474
6.793584
6.249411
6.725619
6.600637
6.333446
5.953534
0.135534
0.476650
0.496705
5.874381
6.174551
0.190725
0.697311
6.570755
6.578420
7.432414
6.496382
6.897920
7.398584
5.655924
5.148683
0.173577
0.478424
6.422595
2.549615
2.754289
7.005640
0.586951
0.301917
6.642575
2.152926
0.780388
5.584675
0.164744
5.476598
1.527022
0.126550
6.563590
6.279150
5.931797
0.628495
0.236355
0.448452
0.758899
0.609614
0.557359
6.244089
6.195765
4.711545
4.562193
0.844163
0.250379
1.007031
0.478349
0.547023
1.161269
7.350663
6.476968
0.612395
0.368114
0.138619
1.105287
0.578037
0.353371
0.484942
0.443743
0.137697
0.122348
8.132442
0.539820
7.262640
1.016536
6.751774
0.387836
6.848295
4.334484
3.750029
7.906953
0.482298
6.207024
7.102950
7.279450
0.167630
6.186282
0.603787
1.494531
7.388201
7.149975
6.921328
7.004789
6.679774
0.639675
5.276139
1.391387
5.893143
0.411856
0.592533
0.586781
0.749278
0.694849
0.164156
0.658549
8.252639
7.131170
1.000569
0.506038
0.533945
1.084101
1.338055
7.873493
7.040117
1.665903
5.762083
0.870877
1.660090
6.960713
6.839262
7.226814
0.840603
5.857393
4.998561
5.562956
4.045036
0.740269
1.121262
0.230054
5.842001
4.352066
0.638417
0.406890
0.295761
0.657034
4.617873
5.295779
0.432016
0.704710
1.081559
0.488805
5.927703
5.489255
5.240291
5.563851
4.159445
4.430871
5.437444
4.243259
5.173950
4.905549
8.135755
7.054523
7.748441
0.523806
1.338956
6.018806
0.282947
6.397466
5.030727
6.236672
6.760378
5.244221
5.337938
0.312021
5.908116
2.877806
4.323945
0.846955
5.802945
1.847944
2.031758
1.083716
0.856325
6.245176
0.503095
5.310591
0.558050
6.411976
6.273573
5.999440
7.846892
7.634962
0.142107
0.361517
5.429769
5.899663
0.108625
0.919244
0.456909
0.764484
0.654693
7.490734
1.076324
0.270253
0.920836
6.919870
0.394659
5.457699
5.005216
0.610772
0.394632
4.773890
4.673764
5.488213
4.947086
0.821354
0.687027
0.921046
4.984423
4.161880
0.622930
0.408539
6.433490
6.103947
6.001515
0.214049
0.587458
0.579489
0.603468
5.844362
0.265529
5.762885
5.745652
0.487576
0.212674
0.819843
5.899712
0.069117
6.088211
0.830975
7.444163
6.432581
0.105510
0.669658
0.407098
6.195241
5.780601
5.724779
6.238840
0.357938
1.465343
6.662005
0.374020
5.650609
6.375157
0.670079
6.501928
0.140231
0.448003
0.456809
5.981639
5.741351
5.865032
0.717985
0.123558
6.569081
0.781588
6.161780
6.304677
0.117254
0.486681
0.609319
0.346169
6.599175
0.436831
5.929712
1.161546
1.086802
6.206637
6.789656
5.548275
6.533974
6.862208
5.830318
0.534130
0.806504
1.226521
6.227027
6.376540
6.993546
0.294400
6.231408
1.217021
0.532556
0.671762
6.773010
6.641233
6.343425
0.263586
5.975722
6.249456
6.097349
1.088636
6.587214
0.635609
6.428056
1.953766
1.657555
6.856647
5.538629
5.639045
0.386076
1.057426
1.011071
0.639933
6.082897
6.320779
0.726975
0.795333
6.221010
6.100710
4.860012
2.353898
0.442321
0.268082
1.582040
0.588801
0.471382
1.902807
1.264862
3.434542
3.691707
5.513450
0.772864
0.278362
6.443405
6.431924
6.573347
0.287082
6.081413
6.269387
0.318983
0.977008
6.637120
0.791485
0.389673
0.663490
0.312775
0.693524
0.314266
7.696701
6.534548
6.005636
1.027348
7.042040
6.924457
0.559998
6.540397
6.390344
0.367979
0.905904
7.289016
5.990363
6.078131
8.014121
0.718972
6.624773
6.470189
5.666832
0.798760
0.678751
0.434079
6.090458
5.931376
1.296865
5.561325
0.797306
0.658631
0.604471
0.378052
0.232763
0.186989
0.614312
6.236505
6.149608
0.131938
2.141597
2.330702
6.056861
6.994552
6.932807
5.170748
5.231436
6.282815
0.983605
0.812478
5.299165
0.283152
0.390123
0.257257
0.253619
0.707886
0.413600
0.307926
0.533791
0.420420
0.547153
0.787379
6.063415
0.643628
6.266146
0.773002
0.392722
0.217613
0.442713
0.292872
0.720425
0.707886
0.571431
6.941974
6.131071
0.428044
8.453386
7.315114
6.324895
1.156681
6.228143
0.562442
5.975252
1.348297
6.589648
0.661550
6.780797
0.143336
0.424770
6.881755
0.294147
7.035766
1.367903
0.459808
5.633275
0.950222
6.251353
0.057344
6.715330
0.615177
6.546760
5.905356
0.638718
6.203977
6.464247
1.290325
6.280913
6.418368
6.400825
5.554014
0.183805
0.510727
6.174425
5.903985
0.949008
0.487521
0.888045
0.657983
1.480409
1.716176
7.124001
8.857975
7.911247
0.711784
0.870669
0.450404
0.435265
0.465466
0.885984
5.356694
3.460127
3.349709
1.485131
0.526195
0.166532
3.410276
1.741618
0.623813
5.824074
3.274256
2.049344
0.521811
0.275445
3.324858
2.259210
0.683289
0.301552
0.626697
0.275086
0.403102
0.177197
0.126228
1.067506
0.652194
0.264111
0.738523
4.820688
0.882744
3.171147
4.413281
2.337847
3.277309
4.450363
2.485894
0.636475
0.366049
4.353749
2.768695
1.466653
3.964464
3.276921
1.661493
1.127872
0.688730
0.521009
0.859928
0.264989
0.399431
0.684934
0.083200
0.415461
0.437030
1.036843
0.325368
0.100458
0.400437
0.877743
0.046717
0.888368
0.937200
0.075791
5.051605
2.390476
0.837639
3.416157
2.089265
1.730877
0.268907
3.450089
3.672091
0.587090
3.091280
2.762981
3.671533
1.435424
0.565763
0.389262
0.413685
0.542511
0.511061
0.279391
0.225890
0.715914
0.428752
1.202665
0.604536
5.150450
1.419179
1.582782
3.883486
1.673565
0.566959
0.784912
0.495916
0.945488
0.445059
0.167427
3.642266
3.189548
1.263582
0.928156
0.526793
0.143708
0.229633
1.051464
0.507596
4.039535
2.379990
3.492465
3.423065
1.987532
2.093460
2.870378
2.826719
2.858860
1.811610
2.213418
3.369152
3.387206
3.250857
2.105110
3.271548
3.551520
3.442796
3.213945
2.495322
3.404727
4.872549
3.045495
3.421593
2.309580
2.957767
3.646313
3.369002
2.586567
3.117495
3.266399
3.275476
2.029688
2.876177
2.687566
2.947152
3.011134
2.754580
3.108931
3.350896
3.331904
2.831926
4.265821
4.026714
3.066919
2.748296
2.770128
3.016295
3.126022
4.318248
3.610727
3.653762
3.317898
3.393161
4.147880
3.326821
2.824885
3.126712
2.461185
2.435897
2.755961
2.421172
3.743926
3.561764
3.594862
3.441939
3.364751
2.707542
3.516468
2.681474
4.246900
3.438032
2.273074
2.430906
2.700907
3.637166
3.553305
3.494499
3.349750
2.941409
3.143622
2.852604
3.479358
2.846737
3.250302
3.727750
2.834281
2.086446
2.356301
2.356655
1.981004
3.384737
2.398695
2.974152
2.400989
2.755235
2.131627
2.495605
2.693132
3.079930
2.427696
3.141464
3.381550
2.627119
2.756752
3.180841
3.166150
2.624583
2.727749
2.876677
2.850921
3.404508
2.942593
3.372156
3.684994
4.246106
3.414929
3.766197
4.708859
2.561146
6.127568
0.798714
6.486847
0.521094
0.570833
6.453553
0.338437
0.996080
6.729207
0.488510
6.233611
6.287930
6.047593
0.326659
0.071591
0.208221
7.110493
7.210719
0.225370
0.411493
6.324534
1.119262
6.917257
0.347933
6.831764
1.284635
8.151483
0.169474
0.934555
6.471097
7.046431
0.790023
0.734661
0.995158
1.057415
0.875152
0.299700
6.802570
1.048287
7.007476
2.651321
6.000787
0.326062
0.664801
0.324824
0.627515
0.720154
0.958528
7.058129
6.917458
6.955142
6.312814
0.381468
0.533071
0.550478
0.257669
7.343900
7.099691
0.068233
5.470446
0.525564
6.073376
0.668897
0.709005
6.576107
5.706919
6.582852
6.033596
6.181074
6.887572
1.493235
0.601573
1.090731
0.525860
5.555173
0.836797
6.002778
0.465459
5.213048
5.604924
0.550954
6.041006
6.148840
5.314337
2.592333
1.026749
0.398120
7.166846
0.247680
6.845402
6.627443
0.506731
0.088537
0.614435
0.746839
0.221787
0.079427
0.822315
1.389824
5.926932
0.485705
1.111474
5.902699
6.522521
0.087078
6.949755
0.414201
1.325266
0.636777
6.520231
7.343125
0.548508
6.943805
0.357485
0.241199
7.492254
5.602665
7.024544
0.867516
7.369236
0.919016
6.971619
1.042463
0.555700
0.354041
7.185883
0.783104
0.425504
6.701889
6.824532
6.740033
0.222124
0.857820
0.477620
6.753938
6.551472
0.728772
0.324454
0.354088
0.519912
6.393823
6.688912
0.737589
6.827489
0.496662
0.294024
1.284809
0.951013
6.814591
6.548874
0.730286
6.734219
6.899171
0.503691
9.873082
10.045872
6.705058
0.826234
0.589558
11.003949
8.752691
3.247071
0.632662
0.752348
0.405412
0.586354
5.896461
6.620228
5.471676
6.086694
0.381178
7.164715
7.060960
7.356651
5.762229
0.164424
6.861366
6.325543
0.399532
0.414154
7.660632
7.638506
0.389694
1.489623
0.703684
8.158558
4.977458
3.228895
6.626738
4.595896
0.432459
0.306502
2.426381
5.809364
4.339529
0.117934
0.189884
4.446815
3.773758
0.479218
4.680708
4.337051
0.428332
4.179485
0.111174
3.917943
0.649136
0.403728
0.209183
0.537722
0.403598
0.245061
7.101175
1.232856
7.565030
5.558380
5.187553
0.194322
0.091274
0.295034
8.232259
2.837307
7.412987
6.706395
0.793447
8.306765
6.989776
7.268890
0.192525
4.375463
2.599392
2.588421
0.390482
7.937256
7.923038
7.461716
1.765954
0.851389
0.454279
11.400102
9.708237
1.722443
0.583166
0.317549
5.501508
2.545098
2.129893
1.283506
6.345618
1.003506
1.240194
5.851274
5.363549
0.552845
0.676082
6.393874
6.609816
6.922560
6.886153
0.077695
6.959587
6.380856
0.185969
6.546145
5.938839
0.786195
7.125637
5.731663
0.974976
0.549460
0.307707
0.544212
0.531004
8.035232
7.335561
0.852694
0.451310
1.094248
0.628330
6.453238
0.777346
1.004468
6.159276
0.278700
0.215029
1.146038
0.051718
1.684339
0.738399
6.431118
6.521451
6.560853
0.496994
0.236132
0.307623
6.170429
0.754621
6.432014
0.359830
6.498614
6.167950
1.651238
0.335424
0.587940
0.549014
1.235516
0.879326
0.516991
5.911908
0.416841
0.867700
6.560935
0.881915
5.989591
0.621008
1.005833
0.651020
6.655974
5.651514
6.323882
6.188716
0.729215
0.754989
0.663598
0.869769
0.550549
7.876876
6.474333
0.788682
7.614449
7.232643
6.657610
0.257565
0.141350
7.463954
0.311311
8.046394
0.066148
7.350130
1.168391
0.567398
6.276247
6.447101
0.547906
0.716946
0.647209
0.389022
1.058336
1.028044
4.635351
3.904465
0.843471
6.758114
7.116767
1.536862
6.102281
0.652668
6.711416
1.118814
5.490781
0.713973
6.536917
0.462775
5.602941
5.434987
0.479881
0.561716
1.203509
6.804867
6.803901
0.441944
0.484693
6.745140
5.827046
6.627941
6.546214
6.650638
5.779998
1.151721
1.394783
7.172420
0.348812
0.166677
1.304917
0.203555
0.317701
0.238529
6.405468
1.604677
6.774407
6.157180
7.018270
11.380097
9.272401
5.340266
6.235575
0.277277
0.761784
6.071351
6.339673
6.292044
1.429554
1.107647
6.487115
0.582955
11.121903
9.210459
4.333966
0.553809
6.447385
1.022350
11.625203
5.966614
6.234546
0.518051
6.228866
2.038557
6.332453
6.979437
0.526103
7.323824
1.163275
0.696702
0.038132
0.707306
0.310817
0.976211
0.633657
0.829461
0.740359
0.329985
0.270206
0.975697
6.215172
1.569767
0.276885
5.523374
0.391388
6.584451
0.379538
6.071937
5.578896
6.729748
6.464732
0.283543
0.176095
6.143649
6.597542
6.224412
1.018501
3.588502
3.940639
0.019049
0.296585
0.746071
0.443275
0.802659
0.530150
0.626704
0.819830
0.836795
5.111198
5.814675
0.810136
5.963314
6.109987
0.089085
6.419411
5.761809
0.308229
5.025739
3.937076
6.431302
7.188795
0.762624
0.456554
5.645746
0.444285
6.759279
0.239623
1.231211
0.433544
0.523898
0.386663
0.247989
5.647637
7.671341
5.699691
5.546816
1.782760
6.420270
0.322253
6.461353
0.911321
6.475699
6.247607
1.647716
0.243442
1.310732
1.002895
6.930652
6.650182
0.188958
0.069540
0.875856
6.234618
0.844544
6.708022
0.255788
0.263343
0.324604
0.877581
0.177243
6.487912
0.778529
5.712927
6.088006
7.438489
6.467121
0.481647
0.504937
6.153533
0.453256
0.548892
5.494953
6.218018
1.025038
0.639042
6.027925
6.439645
6.683019
6.708158
3.541375
4.299667
7.615238
7.872684
0.285379
6.670876
0.370762
0.688058
7.063490
5.717437
0.520803
0.178592
7.639737
6.395068
7.794002
3.702017
3.963011
6.539874
5.822416
6.186337
0.752587
6.556675
6.689058
6.280582
0.669193
6.508398
0.679318
0.485711
6.421719
0.656077
6.119634
6.617624
0.345391
0.545592
0.663988
0.641034
0.114880
0.553250
6.659042
5.630799
0.662351
7.484515
1.053802
0.566421
6.530425
6.630695
0.393591
0.629361
0.281971
5.245308
6.763256
0.572948
0.731155
6.094502
0.510213
6.800404
0.918969
7.064829
6.848657
6.432499
5.699841
1.054191
6.909614
0.832140
1.145143
0.464868
0.583568
0.636683
5.649415
6.178875
0.688258
1.081406
0.604850
0.932320
0.600960
0.598011
0.484219
0.111958
7.144965
1.149037
0.498560
1.155811
2.169168
0.113883
6.725019
0.207801
0.570613
0.464411
0.485963
0.348117
0.933949
0.889258
0.133806
0.650627
4.990509
6.129669
5.819440
5.249334
0.241221
0.670420
0.332650
7.301073
6.813937
0.702887
0.325522
0.541700
0.804965
0.422675
1.036797
0.121148
0.683293
0.993575
0.215923
0.516656
0.668082
0.241619
0.243256
0.635612
0.524673
0.216281
1.338645
0.716108
0.820357
0.641151
0.242610
6.993832
1.473643
6.192039
6.447615
1.624701
6.968316
6.132267
0.771064
6.230740
6.267395
2.600642
2.689961
6.941380
0.791468
5.615715
6.098172
0.549073
0.196299
0.559579
0.262416
0.532168
0.201861
0.744380
1.111847
0.768027
0.059266
0.931123
0.527293
0.585586
6.837009
6.388273
0.501872
0.457282
0.265223
5.711010
5.621670
0.885747
0.342911
0.244320
0.606479
0.532625
1.076646
0.459076
0.584199
6.979390
0.492671
6.514829
6.058151
6.479165
0.623478
0.367646
0.150261
0.623727
0.669028
0.564889
7.056831
6.834532
0.616026
0.679880
0.245961
0.367979
0.665598
0.182139
0.619601
0.489732
0.579963
0.238680
0.282191
6.312144
5.859428
1.024980
0.406225
0.123455
7.164301
5.900446
5.294768
5.887922
0.589011
0.430392
0.536275
0.640871
0.599676
0.590755
0.578530
0.785796
0.713332
0.515307
0.386471
0.859693
0.179442
7.097058
7.006305
0.782593
6.903839
0.422321
0.283152
0.215326
0.289546
1.156674
4.723118
9.660689
2.365488
6.660071
5.160684
9.295777
9.719531
3.946474
6.542996
6.828332
3.996642
3.782948
5.908051
6.596166
6.235813
0.371878
0.092918
0.689508
1.312736
0.367925
0.783527
0.619413
6.400357
5.625127
6.246858
0.640646
1.843673
6.288519
0.478528
0.422283
1.245043
0.484577
0.971574
0.378179
5.956626
6.425277
6.129990
6.359209
0.372428
5.568379
0.400347
6.084692
5.655252
0.230806
1.544843
1.598435
5.102520
0.333833
5.590686
5.412066
0.247421
0.617984
0.058450
0.429401
0.760503
0.473423
0.634625
6.708455
6.365347
0.802771
6.108615
5.736357
5.439493
5.845249
6.222936
0.699485
5.960971
0.720258
0.917074
0.605343
0.656503
0.638975
6.906942
1.001007
6.605121
6.511920
6.776875
0.444676
5.489170
5.547441
0.497055
0.573499
6.036214
0.372979
1.577163
1.931834
0.945285
2.463698
3.078816
0.613619
1.113722
5.735010
7.379427
7.100088
6.519025
2.620551
5.860373
7.410685
0.893288
0.656319
0.831084
1.910901
1.569563
0.627629
0.160611
0.514712
0.999401
0.860973
0.334675
0.295463
0.571754
0.273035
0.923545
6.727118
5.039727
0.095496
6.844212
0.817760
0.629093
6.968051
0.788777
1.348290
6.192221
5.838685
2.247299
1.557031
1.166722
6.900023
0.474705
0.207839
7.243578
0.590833
0.128288
0.310031
5.939584
0.323864
5.757137
5.474868
0.762188
0.811797
0.312809
6.837894
6.140930
6.452011
6.807470
0.939504
6.482018
7.118885
0.280881
7.221221
0.550270
0.686118
6.073491
6.193151
4.888816
5.018626
0.093904
6.618719
0.307015
7.925449
7.442894
5.285874
6.129707
0.364790
0.247302
0.958316
0.606379
7.850363
0.813468
0.400147
1.202111
0.703610
0.432365
1.993854
6.768056
7.056259
1.571982
5.879937
6.702001
6.731807
0.384634
0.389331
0.963547
0.215444
0.604858
1.060359
1.025336
0.426952
6.370945
6.561765
6.493358
6.246741
6.722236
6.876095
9.768123
2.086360
0.192137
7.889978
6.846068
0.740197
0.273998
0.752326
0.339092
7.530714
7.390810
0.102275
0.426656
0.864176
0.457666
0.534785
0.914673
0.702249
0.373522
0.478183
0.335714
3.884503
4.714984
0.076927
6.593104
3.060436
4.871231
1.512805
0.255819
1.301550
0.341263
0.202708
6.667645
0.235396
1.501894
0.842479
7.669013
1.098743
0.307414
0.699386
0.855515
0.841935
0.754158
0.625167
0.980277
0.928523
0.278480
0.488368
7.680556
7.825170
0.700316
0.835828
0.433734
0.147175
0.241936
1.068421
0.446776
0.264838
7.962649
0.252428
0.044223
0.371998
1.557417
1.033406
6.493608
6.129371
6.419927
7.152332
6.450803
0.590728
5.469491
6.085224
0.317398
1.013512
1.001828
0.928675
6.823800
6.323662
0.665128
0.608864
0.768234
0.219012
0.759147
0.168907
0.457873
0.285509
0.676878
0.542641
0.321435
0.310993
0.806653
0.163864
6.033336
0.222271
6.979745
0.667046
8.229851
0.248175
6.189557
0.485596
6.352006
6.353127
0.462222
0.827771
0.667923
0.600490
0.382129
1.003738
0.173761
7.461518
7.016950
6.662038
6.176000
6.033311
6.190654
7.002609
0.920309
0.720221
5.752975
1.405739
6.942446
0.306848
1.755850
1.586330
0.304878
1.272356
0.585386
0.689256
1.009833
1.259603
0.244274
0.368316
5.448297
6.601319
1.918065
4.676719
6.267763
0.523726
0.770167
5.941704
0.545602
6.834673
6.765976
0.515384
6.914401
6.635219
6.751347
0.397604
7.042493
6.000192
6.360158
7.395239
6.646563
6.198779
1.279857
6.524350
0.291895
0.525921
0.717984
7.611247
7.079220
6.813623
7.037103
8.861008
7.881502
4.658963
5.689536
6.724525
0.130064
6.719092
6.963174
6.697039
0.611836
0.814374
6.462695
6.766066
0.915201
0.256758
0.373510
6.216530
0.264727
0.499122
6.287394
6.558392
6.854633
0.874143
0.432879
0.742431
6.506528
6.095601
0.688444
0.412789
0.357256
6.108840
6.308357
6.218298
0.704718
0.706412
5.889769
0.195424
0.008329
0.658583
0.409053
0.685873
1.223429
0.392620
6.096865
6.516565
0.421770
6.758259
0.384801
0.765534
0.851812
5.016553
5.827513
5.467609
1.305787
0.445612
0.432262
0.992791
0.542956
0.120586
0.373494
0.268000
5.955967
6.775355
0.450930
5.303697
5.465009
0.218747
6.104098
0.463501
6.188081
6.024443
5.321342
0.568486
0.581372
6.480145
6.503300
0.375888
2.124743
5.237031
0.094131
0.513076
0.397604
0.792078
5.895202
0.196180
0.626117
0.828517
0.107017
5.518095
5.426817
0.378560
1.592227
6.240500
7.122429
0.190547
0.154550
1.038222
6.261377
0.447725
0.528412
0.719835
0.295558
0.787171
0.527078
5.661193
4.451790
0.650502
1.405214
6.709424
6.577841
0.567212
0.421845
8.307192
1.857128
2.292220
5.101255
0.319158
6.804900
1.367772
2.190885
0.204595
6.829769
6.958914
1.464012
0.524825
0.697796
0.179248
6.017508
6.118152
0.057854
4.517632
2.738941
0.565442
6.131520
1.525449
2.434968
0.764945
1.100745
2.284392
3.844711
6.174322
2.207822
4.535400
5.580501
0.516285
0.953505
8.195451
7.789370
1.593653
0.847930
0.782243
0.849582
5.657614
1.535319
0.294842
0.897188
0.255320
0.532560
5.000361
1.906043
3.765275
1.089901
7.857587
0.654855
6.904191
4.992036
4.301676
0.987498
4.591596
4.625199
5.024395
2.687853
0.807780
5.633692
0.244304
1.046903
0.143518
6.405982
5.978622
0.562230
0.387867
0.725467
0.877694
0.269113
3.998212
3.947639
7.474666
6.277272
0.803604
0.506260
4.435112
1.492502
6.000727
1.010279
6.457122
0.279118
5.973799
6.185956
0.585586
1.566940
1.125966
6.295741
6.417279
0.373306
0.597091
6.260496
6.426841
5.907551
5.945775
0.470085
0.322979
8.038403
5.897272
0.343905
0.668690
7.354608
5.875800
6.676344
0.490228
0.226171
6.181753
6.099209
6.680164
1.269938
6.235090
6.161473
6.132384
7.088469
6.732833
0.104385
0.615450
0.638435
0.313261
6.488079
6.347676
0.375226
7.569830
7.110269
6.962871
7.323635
1.231686
0.422656
7.158049
0.141835
0.576151
0.905450
7.317017
6.334574
7.165433
0.335875
0.159449
8.320559
8.246835
6.342896
1.767119
0.427506
7.746952
8.413848
8.141554
8.091202
7.943259
7.613724
0.560389
8.036210
2.658153
0.952214
0.536569
0.577816
0.669519
0.774922
8.156355
7.770195
11.018876
9.365020
5.564078
7.044151
7.941802
7.427532
0.802918
1.068642
8.492224
0.204340
0.604197
1.026477
0.576346
0.838760
1.024696
0.372809
0.849684
0.857505
6.166399
6.461935
3.095728
4.578147
4.812572
4.605941
7.400828
0.287669
7.662988
7.306686
7.449027
7.434304
7.353329
6.314634
8.463099
2.711610
7.525888
0.908582
8.086523
2.426703
5.928325
1.273702
0.824671
7.499846
7.889234
0.415816
0.606974
6.876076
0.404567
0.882666
5.830287
5.814288
7.212403
0.440540
0.579900
0.846598
1.493634
0.434212
1.900338
3.070264
3.333398
1.871897
4.152296
3.256591
1.265569
4.960014
3.800376
0.636514
0.703950
0.434931
0.560728
0.790994
0.818197
1.069639
0.698775
0.919426
0.588539
0.487767
0.342272
4.768115
3.777543
4.838476
4.299992
2.788763
3.786277
1.565016
0.822552
0.512018
0.712643
0.898249
0.285133
0.770354
0.627182
0.283900
5.769949
1.332448
0.832737
2.525970
1.523178
4.204635
3.049901
3.643583
1.018033
0.855064
0.138431
0.479876
0.494656
4.976512
1.160423
0.605346
0.934777
3.377404
5.057339
2.328444
0.295050
0.732227
4.784967
0.631205
2.690914
4.898379
1.734541
5.240030
3.897707
2.847349
2.697720
4.431355
1.715546
4.527624
1.271160
3.126196
2.288099
0.247572
3.614814
3.614639
0.861343
0.509283
0.088484
0.702985
1.052667
0.742808
4.057567
2.486026
0.244263
0.577034
4.352319
4.054169
0.942013
0.183532
0.207450
0.820770
3.672764
2.295232
4.099953
4.579567
0.358536
0.237408
0.348879
4.096992
1.554591
0.990305
0.358581
0.344469
0.640093
0.198448
6.455480
5.941570
1.553945
2.924594
3.598735
4.269643
6.605163
0.572345
0.221582
1.249491
6.632254
1.985878
1.172773
0.104008
4.956905
5.751732
0.443744
5.467128
7.498779
2.170890
6.400669
0.483724
5.118127
0.723684
0.781546
5.799855
11.353996
4.971618
6.876443
6.319480
6.527192
0.614457
0.290291
5.688036
6.472267
7.339643
0.992156
7.008226
0.697660
8.889464
4.000347
6.725676
7.362962
6.877033
0.787978
6.977169
1.367982
0.509449
5.956194
0.386485
0.462092
7.456777
6.629616
6.830888
5.563804
9.823377
2.532161
7.183926
7.561275
5.059715
5.200367
7.286702
1.511959
6.113044
0.635901
0.396167
5.183146
5.998819
6.713752
2.192610
0.839686
1.606854
1.763228
6.158310
5.606670
5.113187
0.589142
0.775356
1.247978
6.571632
5.852326
0.420834
5.322932
5.171700
1.147241
0.403022
0.419736
0.304557
0.879114
0.542778
6.423251
6.459223
7.045600
6.371406
0.369185
6.613057
5.937390
1.159629
0.700743
0.417665
0.631092
0.658194
0.430569
6.760845
6.846487
6.359372
6.443808
0.207964
0.220242
0.679124
0.981913
0.824668
6.539293
7.133212
0.801690
0.355337
0.461081
5.188559
4.426696
0.211466
0.706913
0.683957
0.940883
5.962451
0.968025
4.990774
5.400873
4.453043
3.594639
1.023140
7.435429
6.932256
7.479062
6.562237
0.366501
6.723426
0.498983
0.108459
6.693176
6.383804
0.856936
6.877003
0.572852
0.695806
0.589050
0.752132
0.370820
7.334276
7.943543
8.179809
0.214942
7.333495
0.926549
0.277551
0.219258
0.173250
0.392870
0.396708
0.545773
0.854333
0.100810
0.330387
0.773447
0.398066
0.426685
1.129552
6.711949
6.784060
0.841871
0.627549
6.837207
1.241166
5.865074
0.874610
4.579860
4.970638
0.451463
1.263874
0.147338
5.501500
5.341346
7.378794
7.387140
1.024591
0.135628
1.338481
6.710339
0.393097
6.580791
0.937747
0.484817
0.083168
7.548725
1.444680
6.228874
1.235573
5.011939
4.939076
0.464376
0.251594
0.625761
1.385259
0.789015
6.380126
6.268695
0.485259
0.055883
0.492439
0.495507
6.621681
7.225641
6.493089
6.303521
6.239742
6.781406
1.045530
6.136686
0.118830
6.231994
6.204993
5.875316
0.498858
1.212863
0.319209
0.487685
0.407538
0.804156
0.743083
0.439303
1.009190
1.552359
1.219567
0.865413
0.926896
5.551193
5.370020
0.446220
0.199478
1.786173
0.280691
0.842391
0.265562
0.115506
0.434153
0.609693
0.655463
0.829341
1.291701
1.289825
0.231000
0.507329
0.886385
0.558357
0.588050
0.748512
0.297524
0.398453
0.354395
0.623483
1.877801
2.025158
0.703331
0.170600
15.063396
14.799931
0.296981
0.899827
1.107973
2.611083
1.633169
0.523520
0.819044
0.620863
0.449283
0.713054
0.656955
7.194315
3.274506
0.641345
9.436076
6.966513
5.233149
5.829703
1.890674
0.508326
0.230097
0.290036
5.562556
4.532672
6.538635
4.898718
0.844628
7.032344
2.677997
0.345579
0.190939
0.477065
7.767363
7.523532
3.833839
1.072811
0.711121
7.883854
3.014856
0.272700
0.450743
0.046113
10.107143
7.052282
7.860667
1.266067
0.164404
7.548190
6.169526
6.888233
8.501516
0.142234
0.397780
0.888417
0.321982
0.747992
2.585361
2.422331
0.492374
1.572415
1.535121
2.284173
4.319307
4.997553
2.580437
0.668405
0.500835
0.462560
0.571029
0.423753
7.606660
7.072783
2.858690
4.455685
4.744414
6.965118
7.410533
7.831536
7.035058
0.573198
6.242957
6.011241
1.738804
3.063091
3.142582
4.930394
6.873016
7.665122
4.528830
5.375124
4.655516
1.410141
2.452647
0.298955
0.421187
5.557309
7.476401
6.982319
1.561063
8.229743
0.899300
0.846337
6.977757
6.734806
0.958024
1.196303
6.510851
0.915192
6.735961
0.387566
0.950567
0.367255
7.578147
7.358008
1.087908
6.360774
0.493044
0.735213
7.184500
7.060641
0.931964
0.237327
6.820348
1.897043
2.468237
7.052557
0.411486
0.377162
0.543005
0.393677
0.381213
7.990212
0.527102
6.315579
0.532369
0.801655
5.025959
2.283022
6.516914
6.765737
7.552848
12.209386
4.057906
0.544030
7.353138
6.692021
0.184529
0.578158
0.559404
0.407324
0.414252
0.535019
5.744473
1.724209
6.951769
5.142550
1.346383
6.266580
0.416174
4.053825
4.592771
8.718910
3.431062
5.408202
4.567745
3.058796
6.183591
0.222169
5.597942
5.760646
6.540700
5.692847
0.708506
5.496964
5.005029
0.493044
0.306430
5.737044
3.009265
6.412475
6.399802
0.271179
0.176144
0.544427
4.924286
0.215205
5.484631
1.601408
0.963501
5.041166
7.939952
0.249277
4.936413
8.756223
1.691807
6.642766
2.070132
0.769494
0.212030
0.510553
0.363023
4.991168
4.600901
0.694158
3.340224
2.193710
7.512931
0.738797
0.232201
5.222522
0.306687
5.386266
4.918646
5.612428
0.946002
0.742360
7.686199
1.928521
5.011841
7.564141
6.229608
5.774395
5.734878
6.796607
6.146903
0.704948
0.715743
0.042875
0.781413
0.776416
7.084001
6.648940
6.747437
0.774627
0.128667
6.027672
0.635382
0.309921
6.634614
6.736421
4.537711
1.502604
1.974398
7.133123
6.772486
0.063724
6.162303
0.943346
0.661840
5.535217
0.637796
6.191486
5.576832
5.141557
5.444343
0.226927
0.315662
5.328512
0.378511
7.476151
0.358850
7.114004
7.116793
7.038018
0.491553
7.303961
0.331757
1.214675
0.210457
0.281813
7.100745
0.593527
0.539584
0.319232
0.331584
0.985485
4.361742
1.667626
5.276173
0.742442
7.265950
6.336674
0.378398
0.587682
0.694878
0.506022
7.538814
6.345930
0.779926
1.040256
8.717309
7.840032
0.812306
0.508247
1.098453
7.076764
0.831197
6.198956
0.268470
7.185643
3.429205
8.326046
1.581084
0.413496
1.719922
0.446314
0.331197
0.455611
0.493681
7.208570
7.525827
0.231300
0.848391
5.272014
0.686832
0.773113
2.081173
4.905055
2.507622
4.432317
5.060982
5.255207
0.328577
0.292051
5.280656
5.193926
3.888284
4.278006
6.999887
1.247110
