2.374678
3.497331
3.414936
1.983704
2.088421
2.877275
2.815024
2.861542
1.809455
2.208153
3.374849
3.383963
3.244964
2.102172
3.279367
3.556497
3.438329
3.223832
2.492745
3.413669
4.872391
3.047889
3.417841
2.304001
2.949725
3.651143
3.371859
2.582304
3.114006
3.257148
3.271957
2.030758
2.872707
2.682650
2.948649
3.014047
2.764904
3.110959
3.339854
3.334510
2.819562
4.269898
4.028935
3.062848
2.743841
2.772336
3.024967
3.125537
4.316494
3.595436
3.654435
3.309951
3.389669
4.153790
3.323960
2.820195
3.121584
2.469040
2.431208
2.758450
2.423901
3.747912
3.558578
3.596644
3.452490
3.368114
2.708156
3.520432
2.677446
4.250236
3.440413
2.267291
2.434660
2.704015
3.634066
3.556924
3.490247
3.351527
2.935079
3.139737
2.855840
3.478245
2.848826
3.252474
3.736777
2.843809
2.088314
2.352252
2.346285
1.982250
3.396825
2.401177
2.969870
2.403769
2.742378
2.127124
2.491895
2.695082
3.082492
2.430727
3.145003
3.380459
2.630232
2.757625
3.171398
3.163145
2.620488
2.723390
2.880429
2.846375
3.408544
2.938931
3.374879
3.689127
4.243448
3.415308
3.766268
4.712166
2.560233
