0.389673
1.053163
1.365938
2.059462
2.373728
10.070429
16.604977
22.610613
23.637961
30.680001
37.604458
38.164456
44.704853
51.095197
51.463176
52.36908
59.658096
65.648459
71.72659
79.740711
80.459683
87.084456
93.55464500000001
99.22147700000001
100.02023700000001
100.69898800000001
101.13306700000001
107.22352500000001
113.15490100000001
114.451766
120.013091
120.81039700000001
121.46902800000001
122.07349900000001
122.45155100000001
122.68431400000001
122.87130300000001
123.48561500000001
129.72212000000002
135.87172800000002
136.003666
138.145263
140.475965
146.532826
153.527378
160.460185
165.630933
170.862369
177.145184
178.128789
178.941267
184.240432
184.523584
184.913707
185.170964
185.42458299999998
186.132469
186.546069
186.853995
187.387786
187.808206
188.35535900000002
189.142738
195.206153
195.849781
202.115927
202.888929
203.28165099999998
203.49926399999998
203.94197699999998
204.23484899999997
204.95527399999997
205.66315999999998
206.23459099999997
213.17656499999995
219.30763599999995
219.73567999999995
228.18906599999994
235.50417999999993
241.82907499999993
242.98575599999992
249.2138989999999
249.77634099999992
255.75159299999993
257.0998899999999
263.6895379999999
264.3510879999999
271.1318849999999
271.2752209999999
271.6999909999999
278.5817459999999
278.8758929999999
285.91165899999993
287.27956199999994
287.73936999999995
293.372645
294.322867
300.57421999999997
300.63156399999997
307.34689399999996
307.962071
314.508831
320.41418699999997
321.05290499999995
327.25688199999996
333.72112899999996
335.01145399999996
341.29236699999996
347.71073499999994
354.11155999999994
359.66557399999994
359.84937899999994
360.3601059999999
366.5345309999999
372.4385159999999
373.38752399999987
373.8750449999999
374.76308999999986
375.42107299999986
