1.480409
3.196585
10.320585999999999
19.178561
27.089807999999998
27.801592
28.672261
29.122664999999998
29.55793
30.023395999999998
30.90938
36.266073999999996
39.726200999999996
43.07590999999999
44.561040999999996
45.087236
45.253767999999994
48.664044
50.405662
51.029475
56.853549
60.127805
62.177149
62.69896
62.974405
66.299263
68.55847299999999
69.241762
69.543314
70.17001099999999
70.44509699999999
70.848199
71.025396
71.151624
72.21912999999999
72.87132399999999
73.13543499999999
73.87395799999999
78.69464599999999
79.57739
82.748537
87.161818
89.499665
92.776974
97.22733699999999
99.713231
100.349706
100.715755
105.069504
107.83819899999999
109.30485199999998
113.26931599999999
116.54623699999999
118.20773
119.335602
120.024332
120.54534100000001
121.405269
121.670258
122.06968900000001
122.75462300000001
122.83782300000001
123.25328400000001
123.690314
124.727157
125.052525
125.152983
125.55342
126.431163
126.47788
127.366248
128.303448
128.379239
133.430844
135.82132000000001
136.658959
140.075116
142.16438100000002
143.895258
144.16416500000003
147.61425400000002
151.286345
151.873435
154.964715
157.727696
161.39922900000002
162.83465300000003
163.40041600000004
163.78967800000004
164.20336300000002
164.74587400000001
165.25693500000003
165.53632600000003
165.76221600000002
166.47813000000002
166.90688200000002
168.10954700000002
168.71408300000002
173.86453300000002
175.28371200000004
176.86649400000005
180.74998000000005
182.42354500000005
182.99050400000004
183.77541600000004
184.27133200000003
185.21682000000004
185.66187900000003
185.82930600000003
189.47157200000004
192.66112000000004
193.92470200000005
194.85285800000005
195.37965100000005
195.52335900000006
195.75299200000006
196.80445600000007
197.31205200000008
201.35158700000008
