0.587458
1.166947
1.7704149999999998
7.614777
7.880306
13.643191
19.388843
19.876419000000002
20.089093000000002
20.908936
26.808648
26.877765
32.965976
33.796951
41.241113999999996
47.673694999999995
47.779205
48.448862999999996
48.85596099999999
55.051201999999996
60.831802999999994
66.55658199999999
72.79542199999999
73.15335999999999
74.618703
81.28070799999999
81.65472799999999
87.305337
93.680494
94.350573
100.852501
100.992732
101.440735
101.89754400000001
107.87918300000001
113.620534
119.485566
120.203551
120.32710900000001
126.89619
127.677778
133.839558
140.144235
140.261489
140.74817000000002
141.35748900000002
141.70365800000002
148.30283300000002
148.73966400000003
154.66937600000003
155.83092200000002
156.91772400000002
163.12436100000002
169.91401700000003
175.46229200000002
181.99626600000002
188.85847400000003
194.68879200000003
195.22292200000004
196.02942600000003
197.25594700000002
203.482974
209.85951400000002
216.85306000000003
217.14746000000002
223.378868
224.595889
225.128445
225.800207
232.573217
239.21445
245.557875
245.821461
251.797183
258.04663899999997
264.143988
265.232624
271.819838
272.455447
278.883503
280.837269
282.494824
289.351471
294.8901
300.529145
300.91522100000003
301.97264700000005
302.98371800000007
303.62365100000005
309.70654800000005
316.02732700000007
316.75430200000005
317.5496350000001
323.77064500000006
329.87135500000005
334.73136700000003
337.08526500000005
337.52758600000004
337.79566800000003
339.37770800000004
339.96650900000003
340.43789100000004
342.34069800000003
343.60556
347.04010200000005
350.73180900000006
356.24525900000003
357.01812300000006
357.2964850000001
363.73989000000006
370.17181400000004
376.74516100000005
377.03224300000005
383.11365600000005
389.38304300000004
389.70202600000005
390.67903400000006
397.31615400000004
398.10763900000006
