0.411856
1.004389
1.59117
2.340448
3.035297
3.199453
3.858002
12.110641000000001
19.241811000000002
20.24238
20.748418
21.282363
22.366464
23.704519
31.578012
38.618129
40.284032
46.046115
46.916992
48.577082
55.537794999999996
62.37705699999999
69.603871
70.444474
76.301867
81.300428
86.863384
90.90841999999999
91.64868899999999
92.76995099999999
93.00000499999999
98.84200599999998
103.19407199999998
103.83248899999998
104.23937899999999
104.53513999999998
105.19217399999998
109.81004699999998
115.10582599999998
115.53784199999998
116.24255199999999
117.32411099999999
117.81291599999999
123.74061899999998
129.229874
134.470165
140.034016
144.193461
148.624332
154.061776
158.305035
163.478985
168.384534
176.520289
183.57481199999998
191.32325299999997
191.84705899999997
193.18601499999997
199.20482099999998
199.487768
205.885234
210.915961
217.152633
223.913011
229.15723200000002
234.49517000000003
234.80719100000002
240.71530700000002
243.59311300000002
247.91705800000003
248.76401300000003
254.56695800000003
256.41490200000004
258.44666000000007
259.53037600000005
260.3867010000001
266.6318770000001
267.13497200000006
272.44556300000005
273.00361300000003
279.415589
285.689162
291.688602
299.535494
307.170456
307.312563
307.67408
313.103849
319.003512
319.112137
320.031381
320.48829
321.252774
321.907467
329.398201
330.47452499999997
330.744778
331.665614
338.585484
338.980143
344.437842
349.443058
350.05383
350.448462
355.222352
359.896116
365.384329
370.331415
371.152769
371.839796
372.76084199999997
377.74526499999996
381.90714499999996
382.53007499999995
382.938614
389.372104
395.476051
401.47756599999997
401.69161499999996
