0.641025
8.876368
17.655889000000002
24.307084000000003
31.059595
31.476396
32.25072
32.940878
33.402797
39.11499
46.299518
50.719127
52.352356
52.674609000000004
53.136379000000005
53.805212000000004
54.216199
61.250173000000004
62.546670000000006
63.152086000000004
63.661002
64.12372
67.940983
70.003604
70.48885399999999
76.15370399999999
80.42107299999999
87.17833099999999
87.42901699999999
90.50290999999999
91.41811999999999
93.15091299999999
95.84545399999999
96.25686799999998
98.39816899999998
99.13593599999999
101.95006
106.158969
111.428836
112.42332400000001
113.039709
116.655089
120.481723
121.089022
122.555598
123.10041
126.834312
128.546728
129.236396
135.92074100000002
135.985462
139.846407
142.150898
147.83021100000002
148.53633100000002
152.606883
156.687298
156.874326
160.72403
163.131978
164.318374
164.899931
165.006348
165.83856500000002
166.26860100000002
166.75585500000003
167.28915600000002
167.383788
167.67435700000001
168.144936
173.184524
176.996883
178.64738
179.186681
185.821247
189.757847
191.113579
191.555455
192.12183
192.20396499999998
192.45243799999997
192.56150399999999
192.76169599999997
192.96445399999996
193.37681499999997
193.99184899999997
194.32477799999998
194.668636
195.29630699999998
196.066723
196.419454
196.560591
197.364644
197.563509
198.22213100000002
199.05483800000002
199.43244500000003
199.87242000000003
200.50042300000004
200.91388100000003
201.42168800000005
202.07999000000004
202.68441300000003
202.95976400000004
203.17783900000003
203.65891400000004
203.78622100000004
204.09745400000003
204.64554400000003
204.76152800000003
204.91442500000002
205.32484000000002
209.48580300000003
212.33502200000004
212.80753100000004
217.39106500000003
220.26009700000003
221.43345900000003
221.87569000000002
