0.756469
7.060925
7.256543
7.732252
8.146903
9.237224
9.697662
16.522568
16.791928
16.992784999999998
17.854619999999997
18.230894999999997
18.564739999999997
18.764317999999996
25.749136999999997
32.407751999999995
38.755599999999994
45.170649999999995
51.12260199999999
54.052237999999996
60.830487999999995
61.33828999999999
67.265046
72.87002799999999
79.85480999999999
85.567698
85.86137
86.327355
92.285259
98.126288
99.965791
100.54788599999999
101.02142099999999
108.28905099999999
115.58699999999999
121.83475099999998
123.66067199999998
125.61692799999997
131.80136599999997
132.23694799999998
132.459432
137.827034
139.518145
139.919863
143.18285799999998
145.86717599999997
147.35542299999997
153.98117099999996
162.02704799999995
162.41513699999996
169.10024999999996
169.49101099999996
176.14204899999996
182.49545699999996
182.82218099999997
183.55693299999996
183.82771799999995
184.55605299999993
184.77481499999993
185.51334399999993
185.77196299999994
192.40448299999994
198.48571799999993
199.61791099999994
204.84155099999992
206.98394899999994
212.92294699999994
213.74506899999994
219.53775899999994
225.68145899999993
230.59622299999992
232.30317499999992
237.49839999999992
237.7816109999999
238.31797999999992
238.9995529999999
239.1681989999999
239.9501649999999
240.74942599999991
241.4882189999999
241.7070299999999
242.5800139999999
243.76782199999988
251.13568699999988
257.3993869999999
258.31311499999987
259.0845669999999
260.05237499999987
260.32413199999985
260.99364199999985
261.1175719999998
261.8662699999998
267.84246199999984
274.0166889999998
275.8673099999998
276.3497989999998
276.6290919999998
277.0296819999998
277.2521209999998
277.98385199999984
278.6438029999998
279.4685709999998
279.65962099999985
279.87397199999987
280.28650799999986
280.80614099999985
281.29732199999984
281.82084799999984
281.91902299999987
282.10983599999986
288.43755599999986
294.13879999999983
294.58437399999985
294.95676399999985
301.9452489999999
302.13579599999986
303.32604699999985
309.6492739999998
309.6926899999998
