0.477075
7.290606
8.12176
15.129941
18.100801
20.513731
22.267236
27.379758000000002
27.744014000000004
27.806480000000004
28.223333000000004
29.438321000000002
36.802307
42.498799
42.833121
43.826026
44.046779
49.582944
49.998238
53.220284
56.512577
57.488421
57.777171
60.873895000000005
64.03703900000001
71.280956
78.385654
79.994257
86.96306100000001
92.97511800000001
93.637899
95.671998
99.162462
104.518157
105.34588600000001
112.246756
117.42572100000001
118.04539700000001
122.62067100000002
123.16931500000001
123.45755900000002
128.54666300000002
133.97490900000003
139.84939200000002
140.27571400000002
140.74607100000003
141.83167900000004
148.43179100000003
154.62390300000004
159.91307900000004
161.57469000000003
168.03314300000002
169.25261400000002
174.37261
180.07943600000002
180.17458200000002
181.639487
182.621499
184.214576
190.867054
191.34342
191.711794
192.177444
196.79117200000002
200.720874
201.295815
204.649493
209.886691
214.82006
215.461239
216.481522
216.99278500000003
222.49977700000002
223.12766100000002
223.50976200000002
224.64230400000002
230.80820100000003
231.51290800000004
231.79742700000003
236.68406000000002
238.07919400000003
244.90688800000004
251.73641600000005
253.36224300000003
259.34981700000003
265.222642
271.039102
276.948953
277.317615
285.356301
285.768197
289.258641
294.02918
294.685196
295.457629
295.625204
295.841272
296.182662
296.700478
297.160692
297.563405
298.399896
299.033452
299.430691
299.70813200000003
300.557699
300.971152
301.569163
302.03536
302.38763500000005
303.389489
303.83972700000004
304.51878300000004
313.01189700000003
320.923038
327.772021
335.010208
343.40581499999996
351.31394099999994
