7.281197
13.32536
14.275403
18.73488
23.96182
24.341941
24.583819
25.299733
25.663747
26.183299
26.704501
27.015254
27.787395
34.456841
40.493218
40.842452
41.152543
41.587918
42.30196
43.029163000000004
49.045280000000005
56.322151000000005
64.164933
71.09540700000001
77.888991
84.138402
90.864021
97.464658
103.798104
109.751638
109.887172
110.36382200000001
110.86052700000002
116.73490800000002
122.90945900000001
123.10018400000001
123.79749500000001
130.36825000000002
136.94667
144.379084
150.87546600000002
157.77338600000002
165.17197000000002
170.82789400000001
175.97657700000002
176.15015400000001
176.628578
183.051173
185.600788
188.355077
195.360717
195.947668
196.249585
202.89216
205.045086
205.82547399999999
211.410149
211.574893
217.051491
218.578513
218.705063
225.268653
231.547803
237.47959999999998
238.10809499999996
238.34444999999997
238.79290199999997
239.55180099999998
240.16141499999998
240.71877399999997
246.96286299999997
253.15862799999996
257.87017299999997
262.43236599999994
263.2765289999999
263.52690799999993
264.5339389999999
265.0122879999999
265.5593109999999
266.7205799999999
274.0712429999999
280.5482109999999
281.1606059999999
281.5287199999999
281.6673389999999
282.7726259999999
283.3506629999999
283.70403399999987
284.18897599999985
284.63271899999984
284.77041599999984
284.89276399999983
293.02520599999986
293.5650259999999
300.82766599999985
301.8442019999998
308.59597599999984
308.98381199999983
315.83210699999984
320.1665909999998
323.9166199999998
331.8235729999998
332.3058709999998
338.5128949999998
345.6158449999998
352.8952949999998
353.0629249999998
359.2492069999998
359.8529939999998
361.3475249999998
368.7357259999998
375.88570099999976
382.8070289999998
389.8118179999998
396.4915919999998
397.1312669999998
402.4074059999998
403.7987929999998
409.6919359999998
