1.786173
2.066864
2.909255
3.174817
3.290323
3.724476
4.334169
4.989632
5.818973000000001
7.110674
8.400499
8.631499
9.138828
10.025213
10.583570000000002
11.17162
11.920132
12.217656
12.616109
12.970504
13.593987
15.471788
17.496946
18.200277
18.370877
33.434273
48.234204
48.531185
49.431012
50.538985000000004
53.150068000000005
54.78323700000001
55.306757000000005
56.125801
56.746664
57.195947000000004
57.909001
58.565956
65.760271
69.034777
69.676122
79.112198
86.07871100000001
91.31186000000001
97.141563
99.03223700000001
99.540563
99.77066
100.06069600000001
105.62325200000001
110.15592400000001
116.69455900000001
121.59327700000001
122.43790500000001
129.47024900000002
132.14824600000003
132.49382500000002
132.684764
133.161829
140.929192
148.452724
152.286563
153.359374
154.070495
161.954349
164.96920500000002
165.241905
165.692648
165.73876099999998
175.845904
182.89818599999998
190.758853
192.02491999999998
192.18932399999997
199.73751399999998
205.90703999999997
212.79527299999995
221.29678899999996
221.43902299999996
221.83680299999997
222.72521999999998
223.04720199999997
223.79519399999998
226.380555
228.802886
229.29526
230.86767500000002
232.40279600000002
234.68696900000003
239.00627600000004
244.00382900000005
246.58426600000004
247.25267100000005
247.75350600000004
248.21606600000004
248.78709500000005
249.21084800000006
256.81750800000003
263.89029100000005
266.7489810000001
271.2046660000001
275.9490800000001
282.9141980000001
290.3247310000001
298.15626700000007
305.19132500000006
305.76452300000005
312.00748000000004
318.018721
319.75752500000004
322.82061600000003
325.96319800000003
330.893592
337.766608
345.43173
349.96056000000004
355.335684
359.9912
361.401341
