0.211466
0.9183790000000001
1.6023360000000002
2.543219
8.50567
9.473695000000001
14.464469000000001
19.865342000000002
24.318385000000003
27.913024000000004
28.936164000000005
36.371593000000004
43.30384900000001
50.782911000000006
57.34514800000001
57.71164900000001
64.43507500000001
64.93405800000001
65.042517
71.735693
78.119497
78.976433
85.853436
86.426288
87.122094
87.711144
88.46327600000001
88.834096
96.168372
104.11191500000001
112.29172400000002
112.50666600000001
119.84016100000001
120.76671
121.044261
121.263519
121.436769
121.829639
122.226347
122.77212
123.626453
123.727263
124.05765
124.831097
125.229163
125.655848
126.78540000000001
133.497349
140.28140900000002
141.12328000000002
141.750829
148.58803600000002
149.829202
155.694276
156.568886
161.148746
166.119384
166.570847
167.83472099999997
167.98205899999996
173.48355899999996
178.82490499999994
186.20369899999994
193.59083899999993
194.61542999999992
194.75105799999992
196.08953899999992
202.79987799999992
203.19297499999993
209.77376599999994
210.71151299999994
211.19632999999993
211.27949799999993
218.82822299999992
220.27290299999993
226.50177699999992
227.7373499999999
232.74928899999992
237.68836499999992
238.1527409999999
238.40433499999992
239.03009599999993
240.41535499999992
241.20436999999993
247.58449599999992
253.85319099999992
254.33844999999994
254.39433299999993
254.88677199999992
255.38227899999993
262.00395999999995
269.22960099999995
275.72268999999994
282.02621099999993
288.2659529999999
295.0473589999999
296.0928889999999
302.2295749999999
302.3484049999999
308.5803989999999
314.7853919999999
320.6607079999999
321.15956599999987
322.3724289999999
322.6916379999999
323.1793229999999
323.5868609999999
324.39101699999986
325.1340999999999
325.57340299999987
326.58259299999986
328.1349519999999
329.35451899999987
330.21993199999986
331.14682799999986
336.69802099999987
342.0680409999999
342.51426099999986
342.71373899999986
