0.616026
1.295906
1.541867
1.9098460000000002
2.575444
2.757583
3.3771839999999997
3.866916
4.446879
4.685559
4.96775
11.279893999999999
17.139322
18.164302
18.570527
18.693982
25.858283
31.758729
37.053497
42.941418999999996
43.530429999999996
43.96082199999999
44.497097
45.137967999999994
45.737643999999996
46.328399
46.906929
47.692724999999996
48.406057
48.921364
49.307835
50.167528
50.34697
57.444027999999996
64.450333
65.232926
72.13676500000001
72.55908600000001
72.84223800000001
73.05756400000001
73.34711000000001
74.50378400000001
79.22690200000001
88.88759100000001
91.25307900000001
97.91315000000002
103.07383400000002
112.36961100000002
122.08914200000002
126.03561600000002
132.57861200000002
139.406944
143.40358600000002
147.18653400000002
153.09458500000002
159.69075100000003
165.92656400000004
166.29844200000005
166.39136000000005
167.08086800000004
168.39360400000004
168.76152900000005
169.54505600000005
170.16446900000005
176.56482600000004
182.18995300000003
188.43681100000003
189.07745700000004
190.92113000000003
197.20964900000004
197.68817700000005
198.11046000000005
199.35550300000006
199.84008000000006
200.81165400000006
201.18983300000005
207.14645900000005
213.57173600000004
219.70172600000004
226.06093500000003
226.43336300000004
232.00174200000004
232.40208900000005
238.48678100000004
244.14203300000003
244.37283900000003
245.917682
247.516117
252.618637
252.95247
258.543156
263.955222
264.20264299999997
264.82062699999994
264.87907699999994
265.3084779999999
266.06898099999995
266.542404
267.177029
273.885484
280.250831
281.053602
287.162217
292.898574
298.338067
304.18331600000005
310.40625200000005
311.10573700000003
317.066708
317.786966
318.70404
319.309383
319.965886
320.604861
327.51180300000004
328.51281000000006
335.11793100000006
341.62985100000003
348.40672600000005
