0.192137
8.082115
14.928183
15.66838
15.942378000000001
16.694704
17.033796000000002
24.564510000000002
31.95532
32.057595
32.484251
33.348427
33.806093000000004
34.340878000000004
35.255551000000004
35.957800000000006
36.33132200000001
36.80950500000001
37.14521900000001
41.029722000000014
45.744706000000015
45.82163300000001
52.41473700000002
55.47517300000002
60.34640400000002
61.85920900000002
62.115028000000024
63.41657800000002
63.75784100000002
63.96054900000002
70.62819400000002
70.86359000000002
72.36548400000001
73.207963
80.87697600000001
81.97571900000001
82.283133
82.98251900000001
83.83803400000001
84.67996900000001
85.43412700000002
86.05929400000002
87.03957100000002
87.96809400000002
88.24657400000002
88.73494200000002
96.41549800000001
104.24066800000001
104.94098400000001
105.77681200000002
106.21054600000002
106.35772100000003
106.59965700000002
107.66807800000002
108.11485400000002
108.37969200000002
116.34234100000002
116.59476900000001
116.63899200000002
117.01099000000002
118.56840700000002
119.60181300000002
126.09542100000002
132.224792
138.644719
145.797051
152.24785400000002
152.83858200000003
158.30807300000004
164.39329700000005
164.71069500000004
165.72420700000004
166.72603500000002
167.65471000000002
174.47851000000003
180.80217200000004
181.46730000000005
182.07616400000006
182.84439800000007
183.06341000000006
183.82255700000007
183.99146400000006
184.44933700000007
184.73484600000006
185.41172400000005
185.95436500000005
186.27580000000006
186.58679300000006
187.39344600000007
187.55731000000006
193.59064600000005
193.81291700000006
200.79266200000006
201.45970800000006
209.68955900000006
209.93773400000006
216.12729100000007
216.61288700000006
222.96489300000005
229.31802000000005
229.78024200000004
230.60801300000006
231.27593600000006
231.87642600000007
232.25855500000006
233.26229300000006
233.43605400000007
240.89757200000008
247.9145220000001
254.5765600000001
260.7525600000001
266.7858710000001
272.9765250000001
279.9791340000001
280.8994430000001
281.61966400000006
287.37263900000005
288.77837800000003
295.72082400000005
