0.306848
2.062698
3.6490280000000004
3.9539060000000004
5.226262
5.811648
6.500904
7.510737000000001
8.770340000000001
9.014614000000002
9.382930000000002
14.831227000000002
21.432546000000002
23.350611
28.02733
34.295093
34.818819000000005
35.588986000000006
41.53069000000001
42.07629200000001
48.91096500000001
55.676941000000014
56.19232500000001
63.10672600000001
69.74194500000002
76.49329200000001
76.89089600000001
83.933389
89.933581
96.293739
103.688978
110.335541
116.53432000000001
117.81417700000002
124.33852700000001
124.63042200000001
125.156343
125.87432700000001
133.485574
140.564794
147.378417
154.41552000000001
163.276528
171.15803000000002
175.81699300000002
181.50652900000003
188.23105400000003
188.36111800000003
195.08021000000002
202.04338400000003
208.74042300000002
209.35225900000003
210.16663300000002
216.62932800000002
223.395394
224.310595
224.567353
224.940863
231.157393
231.42212
231.921242
238.208636
244.767028
251.62166100000002
252.49580400000002
252.92868300000004
253.67111400000005
260.17764200000005
266.27324300000004
266.96168700000004
267.374476
267.731732
273.840572
280.148929
286.367227
287.071945
287.778357
293.66812600000003
293.86355000000003
293.87187900000004
294.53046200000006
294.93951500000003
295.62538800000004
296.84881700000005
297.2414370000001
303.33830200000006
309.85486700000007
310.27663700000005
317.03489600000006
317.41969700000004
318.18523100000004
319.03704300000004
324.053596
329.88110900000004
335.348718
336.65450500000003
337.100117
337.532379
338.52517
339.068126
339.188712
339.562206
339.830206
345.78617299999996
352.56152799999995
353.012458
358.316155
363.781164
363.999911
370.104009
370.56751
376.75559100000004
382.78003400000006
388.1013760000001
388.6698620000001
389.25123400000007
395.73137900000006
402.2346790000001
402.61056700000006
