2.124743
7.3617740000000005
7.4559050000000004
7.968981
8.366585
9.158663
15.053865000000002
15.250045000000002
15.876162000000003
16.704679000000002
16.811696
22.329791
27.756608
28.135168
29.727395
35.967895
43.090323999999995
43.280871
43.435421
44.473642999999996
50.73502
51.182745
51.711157
52.430992
52.72655
53.513721000000004
54.04079900000001
59.701992000000004
64.153782
64.80428400000001
66.20949800000001
72.91892200000001
79.49676300000002
80.06397500000001
80.48582000000002
88.79301200000002
90.65014000000002
92.94236000000002
98.04361500000002
98.36277300000002
105.16767300000002
106.53544500000002
108.72633000000002
108.93092500000002
115.76069400000002
122.71960800000002
124.18362000000002
124.70844500000003
125.40624100000002
125.58548900000002
131.60299700000002
137.72114900000003
137.77900300000002
142.296635
145.03557600000002
145.601018
151.732538
153.257987
155.692955
156.45790000000002
157.558645
159.843037
163.687748
169.86207
172.06989199999998
176.605292
182.185793
182.702078
183.655583
191.851034
199.640404
201.23405699999998
202.08198699999997
202.86422999999996
203.71381199999996
209.37142599999996
210.90674499999994
211.20158699999993
212.09877499999993
212.35409499999994
212.88665499999993
217.88701599999993
219.79305899999994
223.55833399999995
224.64823499999994
232.50582199999994
233.16067699999994
240.06486799999993
245.05690399999995
249.35857999999993
250.34607799999992
254.93767399999993
259.5628729999999
264.58726799999994
267.27512099999996
268.08290099999994
273.71659299999993
273.96089699999993
275.0077999999999
275.1513179999999
281.5572999999999
287.53592199999986
288.09815199999986
288.4860189999999
289.21148599999987
290.0891799999999
290.3582929999999
294.3565049999999
298.3041439999999
305.7788099999999
312.0560819999999
312.8596859999999
313.3659459999999
317.8010579999999
319.2935599999999
325.2942869999999
326.3045659999999
332.76168799999994
333.0408059999999
