2.452647
2.7516019999999997
3.172789
8.730098
16.206499
23.188818
24.749881000000002
32.979624
33.878924
34.725260999999996
41.703018
48.437824
49.395848
50.592151
57.103002000000004
58.018194
64.754155
65.141721
66.09228800000001
66.45954300000001
74.03769000000001
81.39569800000001
82.48360600000001
88.84438000000002
89.33742400000001
90.07263700000001
97.25713700000001
104.31777800000002
105.24974200000001
105.487069
112.307417
114.20446
116.672697
123.725254
124.13674
124.513902
125.056907
125.45058399999999
125.831797
133.82200899999998
134.349111
140.66469
141.197059
141.998714
147.024673
149.307695
155.824609
162.590346
170.14319400000002
182.35258000000002
186.41048600000002
186.954516
194.307654
200.99967500000002
201.18420400000002
201.76236200000002
202.32176600000003
202.72909
203.14334200000002
203.67836100000002
209.42283400000002
211.14704300000002
218.09881200000004
223.24136200000004
224.58774500000004
230.85432500000005
231.27049900000006
235.32432400000005
239.91709500000005
248.63600500000004
252.06706700000004
257.475269
262.043014
265.10181
271.285401
271.50757
277.105512
282.866158
289.406858
295.099705
295.808211
301.30517499999996
306.31020399999994
306.80324799999994
307.1096779999999
312.84672199999994
315.85598699999997
322.26846199999994
328.66826399999997
328.939443
329.115587
329.660014
334.5843
334.799505
340.284136
341.885544
342.849045
347.89021099999997
355.83016299999997
356.07944
361.015853
369.77207599999997
371.46388299999995
378.10664899999995
380.17678099999995
380.94627499999996
381.158305
381.668858
382.031881
387.023049
391.62395000000004
392.31810800000005
395.65833200000003
397.85204200000004
405.364973
406.10377
406.335971
411.558493
411.86518
