6.45548
12.39705
13.950995
16.875589
20.474324000000003
24.743967000000005
31.349130000000006
31.921475000000004
32.143057000000006
33.392548000000005
40.02480200000001
42.01068000000001
43.18345300000001
43.28746100000001
48.24436600000001
53.996098
54.439842000000006
59.90697000000001
67.40574900000001
69.57663900000001
75.97730800000001
76.461032
81.579159
82.30284300000001
83.08438900000002
88.88424400000001
100.23824
105.20985800000001
112.086301
118.405781
124.932973
125.54743
125.837721
131.525757
137.998024
145.33766699999998
146.32982299999998
153.33804899999998
154.035709
162.925173
166.92552
173.651196
181.014158
187.89119100000002
188.67916900000003
195.65633800000003
197.02432000000005
197.53376900000004
203.48996300000005
203.87644800000004
204.33854000000005
211.79531700000004
218.42493300000004
225.25582100000003
230.81962500000003
240.64300200000002
243.17516300000003
250.35908900000004
257.92036400000006
262.98007900000005
268.1804460000001
275.46714800000007
276.97910700000006
283.09215100000006
283.72805200000005
284.12421900000004
289.30736500000006
295.3061840000001
302.0199360000001
304.2125460000001
305.05223200000006
306.65908600000006
308.4223140000001
314.58062400000006
320.18729400000007
325.30048100000005
325.88962300000003
326.664979
327.912957
334.484589
340.33691500000003
340.75774900000005
346.080681
351.252381
352.399622
352.80264400000004
353.22238000000004
353.52693700000003
354.40605100000005
354.94882900000005
361.37208000000004
367.83130300000005
374.876903
381.248309
381.617494
388.23055100000005
394.16794100000004
395.32757000000004
396.028313
396.445978
397.07707000000005
397.73526400000003
398.165833
404.92667800000004
411.77316500000006
418.13253700000007
424.57634500000006
424.78430900000006
425.00455100000005
425.68367500000005
426.66558800000007
427.49025600000004
434.02954900000003
441.16276100000005
441.96445100000005
442.3197880000001
442.78086900000005
447.96942800000005
452.39612400000004
