5.973799
12.159755
12.745341
14.312281
15.438247
21.733988
28.151267
28.524573
29.121664
35.38216
41.809000999999995
47.71655199999999
53.66232699999999
54.13241199999999
54.455390999999985
62.49379399999999
68.39106599999998
68.73497099999999
69.40366099999999
76.75826899999998
82.63406899999998
89.31041299999998
89.80064099999998
90.02681199999998
96.20856499999998
102.30777399999998
108.98793799999999
110.25787599999998
116.49296599999998
122.65443899999998
128.78682299999997
135.87529199999997
142.60812499999997
142.71250999999998
143.32796
143.96639499999998
144.279656
150.767735
157.115411
157.490637
165.060467
172.17073599999998
179.13360699999998
186.45724199999998
187.68892799999998
188.11158399999997
195.26963299999997
195.41146799999996
195.98761899999997
196.89306899999997
204.21008599999996
210.54465999999996
217.71009299999997
218.04596799999996
218.20541699999995
226.52597599999996
234.77281099999996
241.11570699999996
242.88282599999997
243.31033199999996
251.05728399999995
259.47113199999995
267.61268599999994
275.70388799999995
283.64714699999996
291.26087099999995
291.82125999999994
299.8574699999999
302.51562299999995
303.467837
304.00440599999996
304.58222199999994
305.2517409999999
306.0266629999999
314.18301799999995
321.95321299999995
332.9720889999999
342.33710899999994
347.90118699999994
354.94533799999994
362.88713999999993
370.3146719999999
371.1175899999999
372.1862319999999
380.6784559999999
380.8827959999999
381.4869929999999
382.5134699999999
383.0898159999999
383.9285759999999
384.9532719999999
385.32608099999993
386.17576499999996
387.03326999999996
393.199669
399.66160399999995
402.75733199999996
407.33547899999996
412.14805099999995
416.7539919999999
424.1548199999999
424.4424889999999
432.1054769999999
439.4121629999999
446.8611899999999
454.2954939999999
461.6488229999999
467.9634569999999
476.4265559999999
479.1381659999999
486.6640539999999
487.57263599999993
495.65915899999993
498.0858619999999
504.0141869999999
505.2878889999999
506.1125599999999
513.612406
521.50164
