0.415816
1.02279
7.898866
8.303433
9.186099
15.016386
20.830674000000002
28.043077000000004
28.483617000000002
29.063517
29.910115
31.403749
31.837961
33.738299
36.808563
40.141961
42.013858
46.166154
49.422745
50.688314
55.648328
59.448704
60.085218
60.789168
61.224098999999995
61.78482699999999
62.57582099999999
63.39401799999999
64.46365699999998
65.16243199999998
66.08185799999998
66.67039699999998
67.15816399999999
67.50043599999998
72.26855099999997
76.04609399999997
80.88456999999997
85.18456199999997
87.97332499999997
91.75960199999997
93.32461799999997
94.14716999999997
94.65918799999997
95.37183099999997
96.27007999999998
96.55521299999998
97.32556699999998
97.95274899999998
98.23664899999999
104.00659799999998
105.33904599999998
106.17178299999998
108.69775299999998
110.22093099999998
114.42556599999998
117.47546699999998
121.11904999999999
122.13708299999999
122.99214699999999
123.13057799999999
123.61045399999999
124.10511
129.08162199999998
130.242045
130.847391
131.78216799999998
135.159572
140.216911
142.545355
142.840405
143.572632
148.357599
148.988804
151.67971799999998
156.57809699999999
158.312638
163.55266799999998
167.45037499999998
170.297724
172.995444
177.426799
179.14234499999998
183.66996899999998
184.941129
188.06732499999998
190.35542399999997
190.60299599999996
194.21780999999996
197.83244899999997
198.69379199999997
199.20307499999998
199.29155899999998
199.994544
201.047211
201.790019
205.847586
208.33361200000002
208.577875
209.154909
213.507228
217.561397
218.50341
218.68694200000002
218.894392
219.71516200000002
223.38792600000002
225.68315800000002
229.78311100000002
234.36267800000002
234.721214
234.958622
235.307501
239.404493
240.959084
241.949389
242.30796999999998
242.652439
243.292532
243.49098
