0.50936
6.1834620000000005
10.08561
10.536534000000001
10.681283
12.094583
12.316574
13.231727999999999
13.809237999999999
21.164679
28.172231
29.11808
29.91705
29.966486
36.132436
42.61575
42.744541999999996
43.091398
43.447002999999995
43.938663999999996
51.521041
52.158840999999995
58.01944999999999
58.814480999999994
62.97709999999999
66.78439499999999
73.06540499999998
73.48118299999999
74.09700099999999
78.33442699999999
81.084009
81.4336
88.12018499999999
89.180476
97.387175
98.21073
98.78259
105.21302299999999
105.60865399999999
106.394224
113.433234
115.651467
122.45822799999999
122.995982
131.272184
135.36648000000002
137.50090600000001
139.847112
146.515007
146.925994
147.558931
148.106428
148.701374
149.478882
149.953587
150.593436
157.449153
159.589886
165.629588
171.704858
172.031028
177.68518699999998
178.551179
184.918804
191.345285
191.442669
192.380132
199.25616300000002
199.861297
206.964058
207.64830999999998
207.79641099999998
213.22754499999996
219.53163099999998
220.35971399999997
220.92584399999996
221.28248499999995
222.11288399999995
228.92373699999996
229.73335999999995
235.73847799999996
242.02762299999995
243.09464299999996
250.19600199999996
257.03773399999994
263.86639999999994
270.48335699999996
276.70530799999995
282.57654699999995
283.22799699999996
289.70323999999994
296.6629459999999
297.4021599999999
298.0929749999999
298.4983729999999
299.6389659999999
305.8102209999999
310.8802699999999
312.9976179999999
314.07982899999985
320.11424799999986
326.75776099999985
333.57483599999983
334.39757999999983
340.67475499999983
346.90460299999984
347.25585399999983
347.9284819999998
353.4542229999998
354.8169529999998
355.77625299999977
356.2046519999998
362.5712539999998
363.20155199999977
369.49095599999976
370.41870299999977
372.13968899999975
377.93239199999977
378.83091999999976
