0.444676
5.933846
11.481287
11.978342
12.551841
18.588055
18.961034
20.538197
22.470031
23.415315999999997
25.879013999999998
28.957829999999998
29.571448999999998
30.685170999999997
36.420181
43.799608
50.899696
57.418721
60.039272
65.89964499999999
73.31033
74.20361799999999
74.85993699999999
75.69102099999999
77.60192199999999
79.17148499999999
79.79911399999999
79.95972499999999
80.474437
81.473838
82.334811
82.669486
82.964949
83.536703
83.809738
84.733283
91.460401
96.500128
96.595624
103.439836
104.257596
104.886689
111.85474
112.643517
113.99180700000001
120.18402800000001
126.02271300000001
128.270012
129.827043
130.993765
137.893788
138.368493
138.576332
145.81991000000002
146.41074300000002
146.53903100000002
146.84906200000003
152.78864600000003
153.11251000000001
158.86964700000001
164.344515
165.106703
165.91850000000002
166.231309
173.06920300000002
179.210133
185.662144
192.469614
193.409118
199.89113600000002
207.01002100000002
207.29090200000002
214.51212300000003
215.06239300000004
215.74851100000004
221.82200200000003
228.01515300000003
232.90396900000002
237.92259500000003
238.01649900000004
244.63521800000004
244.94223300000004
252.86768200000006
260.3105760000001
265.59645000000006
271.72615700000006
272.0909470000001
272.3382490000001
273.2965650000001
273.9029440000001
281.7533070000001
282.5667750000001
282.9669220000001
284.1690330000001
284.87264300000015
285.30500800000016
287.29886200000016
294.06691800000016
301.12317700000017
302.69515900000016
308.57509600000014
315.27709700000014
322.00890400000014
322.39353800000015
322.7828690000002
323.7464160000002
323.9618600000002
324.56671800000015
325.62707700000016
326.65241300000014
327.07936500000017
333.4503100000002
340.01207500000015
346.50543300000015
352.75217400000014
359.47441000000015
366.35050500000017
376.1186280000002
378.2049880000002
