0.83214
1.977283
2.442151
3.025719
3.662402
9.311817000000001
15.490692000000001
16.17895
17.260356
17.865206
18.797526
19.398486000000002
19.996497
20.480716
20.592674000000002
27.737639
28.886676
29.385236000000003
30.541047000000002
32.710215000000005
32.824098000000006
39.54911700000001
39.75691800000001
40.327531000000015
40.79194200000001
41.27790500000001
41.62602200000001
42.55997100000001
43.44922900000001
43.58303500000001
44.23366200000001
49.22417100000001
55.35384000000001
61.17328000000001
66.42261400000001
66.663835
67.33425500000001
67.66690500000001
74.96797800000002
81.78191500000001
82.48480200000002
82.81032400000002
83.35202400000003
84.15698900000002
84.57966400000002
85.61646100000002
85.73760900000002
86.42090200000003
87.41447700000003
87.63040000000004
88.14705600000003
88.81513800000003
89.05675700000003
89.30001300000004
89.93562500000003
90.46029800000002
90.67657900000002
92.01522400000002
92.73133200000002
93.55168900000002
94.19284000000002
94.43545000000002
101.42928200000001
102.90292500000001
109.094964
115.542579
117.16728
124.135596
130.267863
131.038927
137.269667
143.537062
146.13770399999999
148.827665
155.769045
156.56051300000001
162.176228
168.2744
168.823473
169.01977200000002
169.57935100000003
169.84176700000003
170.37393500000005
170.57579600000005
171.32017600000006
172.43202300000007
173.20005000000006
173.25931600000007
174.19043900000008
174.71773200000007
175.30331800000008
182.14032700000007
188.52860000000007
189.03047200000006
189.48775400000005
189.75297700000004
195.46398700000003
201.08565700000003
201.97140400000004
202.31431500000002
202.558635
203.16511400000002
203.697739
204.77438500000002
205.23346100000003
205.81766000000005
212.79705000000004
213.28972100000004
219.80455000000003
225.86270100000004
232.34186600000004
232.96534400000004
233.33299000000005
233.48325100000005
234.10697800000005
234.77600600000005
235.34089500000005
242.39772600000003
249.23225800000003
