5.386266
10.304912
15.91734
16.863342
17.605702
25.291901000000003
27.220422000000003
32.232263
39.796404
46.026012
51.800407
57.535285
64.331892
70.47879499999999
71.18374299999999
71.899486
71.94236099999999
72.72377399999999
73.50018999999999
80.58419099999999
87.23313099999999
93.98056799999999
94.75519499999999
94.88386199999998
100.91153399999997
101.54691599999998
101.85683699999998
108.49145099999998
115.22787199999999
119.76558299999999
121.268187
123.24258499999999
130.375708
137.148194
137.211918
143.374221
144.317567
144.979407
150.514624
151.15242
157.343906
162.920738
168.062295
173.506638
173.733565
174.049227
179.377739
179.75625
187.23240099999998
187.59125099999997
194.70525499999997
201.82204799999997
208.86006599999996
209.35161899999997
216.65557999999996
216.98733699999997
218.20201199999997
218.41246899999996
218.69428199999996
225.79502699999995
226.38855399999994
226.92813799999993
227.24736999999993
227.57895399999992
228.56443899999994
232.92618099999993
234.59380699999994
239.86997999999994
240.61242199999995
247.87837199999996
254.21504599999994
254.59344399999995
255.18112599999995
255.87600399999994
256.38202599999994
263.92083999999994
270.26676999999995
271.04669599999994
272.08695199999994
280.80426099999994
288.64429299999995
289.4565989999999
289.9648459999999
291.0632989999999
298.14006299999994
298.9712599999999
305.1702159999999
305.4386859999999
312.62432899999993
316.05353399999996
324.37958
325.96066399999995
326.37415999999996
328.09408199999996
328.54039599999993
328.8715929999999
329.3272039999999
329.82088499999986
337.02945499999987
344.55528199999986
344.78658199999984
345.63497299999983
350.90698699999984
351.5938189999998
352.36693199999985
354.4481049999998
359.35315999999983
361.86078199999986
366.29309899999987
371.3540809999999
376.6092879999999
376.9378649999999
377.2299159999999
382.5105719999999
387.7044979999999
391.5927819999999
395.8707879999999
402.8706749999999
404.1177849999999
