0.454279
11.854381
21.562618
23.285061
23.868226999999997
24.185775999999997
29.687284
32.232382
34.362275000000004
35.64578100000001
41.99139900000001
42.99490500000001
44.23509900000001
50.08637300000001
55.44992200000001
56.002767000000006
56.67884900000001
63.07272300000001
69.682539
76.60509900000001
83.491252
83.56894700000001
90.52853400000001
96.90939
97.095359
103.641504
109.580343
110.366538
117.492175
123.223838
124.198814
124.748274
125.05598099999999
125.60019299999999
126.13119699999999
134.166429
141.50199
142.35468400000002
142.80599400000003
143.90024200000002
144.52857200000003
150.98181000000002
151.75915600000002
152.76362400000002
158.92290000000003
159.2016
159.416629
160.562667
160.614385
162.298724
163.03712299999998
169.46824099999998
175.989692
182.550545
183.047539
183.283671
183.591294
189.76172300000002
190.516344
196.948358
197.308188
203.806802
209.974752
211.62599
211.961414
212.549354
213.098368
214.33388399999998
215.21320999999998
215.73020099999997
221.64210899999998
222.05894999999998
222.92665
229.487585
230.3695
236.35909099999998
236.98009899999997
237.98593199999996
238.63695199999995
245.29292599999994
250.94443999999993
257.26832199999996
263.45703799999995
264.18625299999997
264.941242
265.60483999999997
266.474609
267.025158
274.90203399999996
281.37636699999996
282.16504899999995
289.77949799999993
297.01214099999993
303.6697509999999
303.9273159999999
304.0686659999999
311.5326199999999
311.8439309999999
319.8903249999999
319.9564729999999
327.3066029999999
328.47499399999987
329.0423919999999
335.3186389999999
341.7657399999999
342.3136459999999
343.0305919999999
343.6778009999999
344.0668229999999
345.1251589999999
346.1532029999999
350.7885539999999
354.69301899999994
355.53648999999996
362.29460399999994
369.4113709999999
370.9482329999999
377.0505139999999
377.7031819999999
