7.369236
8.288252
15.259871
16.302334000000002
16.858034000000004
17.212075000000002
24.397958000000003
25.181062000000004
25.606566000000004
32.308455
39.132987
45.87302
46.095144
46.952963999999994
47.430583999999996
54.184521999999994
60.73599399999999
61.46476599999999
61.78921999999999
62.14330799999999
62.66321999999999
69.057043
75.745955
76.483544
83.311033
83.807695
84.10171899999999
85.38652799999998
86.33754099999999
93.152132
99.70100599999999
100.431292
107.165511
114.06468199999999
114.568373
124.44145499999999
134.487327
141.192385
142.018619
142.608177
153.61212600000002
162.36481700000002
165.61188800000002
166.24455000000003
166.99689800000004
167.40231000000006
167.98866400000006
173.88512500000004
180.50535300000004
185.97702900000004
192.06372300000004
192.44490100000004
199.60961600000005
206.67057600000004
214.02722700000004
219.78945600000003
219.95388000000003
226.81524600000003
233.14078900000004
233.54032100000003
233.95447500000003
241.61510700000002
249.25361300000003
249.64330700000002
251.13293000000002
251.83661400000003
259.995172
264.97263000000004
268.20152500000006
274.82826300000005
279.42415900000003
279.856618
280.16312000000005
282.58950100000004
288.39886500000006
292.7383940000001
292.8563280000001
293.0462120000001
297.4930270000001
301.2667850000001
301.7460030000001
306.42671100000007
310.76376200000004
311.19209400000005
315.37157900000005
315.48275300000006
319.40069600000004
320.04983200000004
320.45356000000004
320.66274300000003
321.200465
321.604063
321.849124
328.95029900000003
330.18315500000006
337.74818500000003
343.30656500000003
348.494118
348.68844
348.779714
349.074748
357.307007
360.144314
367.557301
374.263696
375.057143
383.363908
390.353684
397.622574
397.815099
402.190562
404.789954
407.378375
407.768857
415.706113
423.62915100000004
431.09086700000006
432.8568210000001
433.70821000000007
