6.711416
7.83023
13.321011
14.034984
20.571901
21.034676
26.637617000000002
32.072604
32.552485
33.114200999999994
34.31770999999999
41.12257699999999
47.92647799999999
48.36842199999999
48.85311499999999
55.59825499999999
61.42530099999999
68.05324199999998
74.59945599999999
81.25009399999999
87.030092
88.18181299999999
89.576596
96.749016
97.09782799999999
97.264505
98.569422
98.772977
99.090678
99.329207
105.734675
107.33935199999999
114.11375899999999
120.27093899999998
127.28920899999999
138.66930599999998
147.94170699999998
153.281973
159.517548
159.794825
160.556609
166.62796
172.967633
179.259677
180.689231
181.796878
188.28399299999998
188.86694799999998
199.98885099999998
209.19930999999997
213.53327599999997
214.08708499999997
220.53446999999997
221.55681999999996
233.18202299999996
239.14863699999995
245.38318299999995
245.90123399999996
252.13009999999997
254.16865699999997
260.50111
267.480547
268.00665
275.330474
276.493749
277.190451
277.228583
277.93588900000003
278.246706
279.222917
279.856574
280.686035
281.426394
281.75637900000004
282.026585
283.00228200000004
289.21745400000003
290.78722100000005
291.06410600000004
296.58748
296.97886800000003
303.56331900000004
303.94285700000006
310.01479400000005
315.59369000000004
322.323438
328.78817000000004
329.07171300000005
329.247808
335.391457
341.988999
348.21341099999995
349.23191199999997
352.82041399999997
356.76105299999995
356.78010199999994
357.07668699999994
357.8227579999999
358.26603299999994
359.06869199999994
359.59884199999993
360.22554599999995
361.045376
361.88217099999997
366.993369
372.808044
373.61818
379.581494
385.691481
385.780566
392.19997700000005
397.9617860000001
398.27001500000006
403.29575400000004
407.23283000000004
413.66413200000005
420.8529270000001
421.6155510000001
422.0721050000001
