5.645746
6.090031
12.84931
13.088932999999999
14.320143999999999
14.753687999999999
15.277586
15.664249
15.912238
21.559874999999998
29.231215999999996
34.930907
40.477723
42.260483
48.680753
49.003006000000006
55.46435900000001
56.37568000000001
62.85137900000001
69.09898600000001
70.74670200000001
70.99014400000002
72.30087600000002
73.30377100000001
80.234423
86.88460500000001
87.07356300000001
87.14310300000001
88.01895900000001
94.253577
95.098121
101.806143
102.061931
102.32527400000001
102.649878
103.52745900000001
103.70470200000001
110.192614
110.97114300000001
116.68407
122.772076
130.210565
136.677686
137.159333
137.66427000000002
143.81780300000003
144.27105900000004
144.81995100000003
150.31490400000004
156.53292200000004
157.55796000000004
158.19700200000003
164.22492700000004
170.66457200000005
177.34759100000005
184.05574900000005
187.59712400000004
191.89679100000004
199.51202900000004
207.38471300000003
207.67009200000004
214.34096800000003
214.71173000000005
215.39978800000006
222.46327800000006
228.18071500000005
228.70151800000005
228.88011000000006
236.51984700000006
242.91491500000006
250.70891700000007
254.41093400000008
258.3739450000001
264.9138190000001
270.7362350000001
276.92257200000006
277.67515900000006
284.23183400000005
290.92089200000004
297.201474
297.870667
304.379065
305.05838300000005
305.54409400000003
311.965813
312.62189
318.741524
325.359148
325.704539
326.250131
326.914119
327.555153
327.67003300000005
328.22328300000004
334.88232500000004
340.51312400000006
341.17547500000006
348.65999000000005
349.71379200000007
350.28021300000006
356.81063800000004
363.44133300000004
363.83492400000006
364.4642850000001
364.7462560000001
369.9915640000001
376.7548200000001
377.3277680000001
378.0589230000001
384.1534250000001
384.6636380000001
391.4640420000001
392.3830110000001
399.4478400000001
406.2964970000001
412.7289960000001
418.4288370000001
419.4830280000001
426.3926420000001
