6.127568
6.9262820000000005
13.413129000000001
13.934223000000001
14.505056000000002
20.958609000000003
21.297046
22.293126
29.022333
29.510843
35.744454000000005
42.03238400000001
48.07997700000001
48.406636000000006
48.478227000000004
48.686448000000006
55.796941000000004
63.00766
63.23303
63.644523
69.96905699999999
71.088319
78.005576
78.353509
85.185273
86.46990799999999
94.62139099999999
94.79086499999998
95.72541999999999
102.19651699999999
109.24294799999998
110.03297099999999
110.76763199999999
111.76279
112.820205
113.695357
113.995057
120.797627
121.84591400000001
128.85339000000002
131.50471100000001
137.50549800000002
137.83156000000002
138.49636100000004
138.82118500000004
139.44870000000003
140.16885400000004
141.12738200000004
148.18551100000005
155.10296900000006
162.05811100000005
168.37092500000006
168.75239300000007
169.28546400000008
169.83594200000007
170.09361100000007
177.43751100000006
184.53720200000006
184.60543500000006
190.07588100000007
190.60144500000007
196.67482100000007
197.34371800000005
198.05272300000004
204.62883000000005
210.33574900000005
216.91860100000005
222.95219700000004
229.13327100000004
236.02084300000004
237.51407800000004
238.11565100000004
239.20638200000005
239.73224200000004
245.28741500000004
246.12421200000003
252.12699000000003
252.59244900000004
257.80549700000006
263.41042100000004
263.96137500000003
270.002381
276.151221
281.46555800000004
284.05789100000004
285.08464000000004
285.48276000000004
292.64960600000006
292.89728600000007
299.74268800000004
306.3701310000001
306.8768620000001
306.96539900000005
307.57983400000006
308.3266730000001
308.5484600000001
308.6278870000001
309.4502020000001
310.8400260000001
316.7669580000001
317.2526630000001
318.3641370000001
324.26683600000007
330.78935700000005
330.8764350000001
337.82619000000005
338.24039100000005
339.56565700000004
340.20243400000004
346.72266500000006
354.06579000000005
354.6142980000001
361.5581030000001
361.91558800000007
362.15678700000007
369.64904100000007
375.25170600000007
382.27625000000006
383.1437660000001
