2.53406
5.885404
9.544206
11.642757000000001
13.882334000000002
16.552695000000003
19.718570000000003
22.499666000000005
24.373752000000003
26.739841000000002
29.943774
33.425014000000004
36.846783
39.03708
42.081889000000004
45.489077
49.061393
51.988601
54.558658
57.704084
62.581212
65.557284
69.08767399999999
71.559034
74.75002599999999
78.256255
81.542408
84.252619
87.471274
91.005927
94.383448
96.382119
99.358928
102.18904900000001
105.09279400000001
108.01944800000001
110.47463
113.524766
117.195864
120.452179
123.642665
127.790236
131.75254099999998
134.93752999999998
137.81502899999998
140.521122
143.285927
146.426021
150.795131
154.849287
158.48352400000002
162.03188400000002
165.52632000000003
169.50282
172.91260400000002
175.873521
179.148933
181.382324
183.95420900000002
186.63799300000002
188.98002300000002
192.608348
196.262498
199.80567
202.941634
206.208841
208.89858
212.300092
215.098366
219.248521
222.617503
225.058271
227.38029699999998
229.99108299999997
233.71817399999998
237.16652599999998
240.78433199999998
244.082554
247.207543
250.46381399999999
253.22257299999998
256.73422
259.520369
262.707677
266.173633
268.731604
270.763883
273.237608
275.894986
277.83986200000004
280.874047
283.200762
286.299108
288.61947399999997
291.747578
294.009777
296.612958
299.249536
302.25517099999996
304.594974
307.633807
311.047012
313.583844
316.315289
319.769975
323.023282
325.766604
328.620756
331.38863799999996
334.37140299999993
337.65886599999993
340.70764899999995
344.00084999999996
347.56598699999995
351.88918599999994
355.2931209999999
359.05725399999994
363.6701959999999
366.2578059999999
